  
   ANL-osaka amplitudes : < MB (nf)|T| MB (ni) > 
   Relation to S-matrix : S = 1 + 2 i T
 ---------------------------------- 
  Requested Amplitudes
  MB(nf)=  K-Sigma,   MB(ni)=  K-Sigma
                   
                   
   Partial-wave = S11
   W (MeV)   < MB (nf)|T| MB (ni) > 
  0.1690E+04  0.1479E+00  0.1967E+00
  0.1695E+04  0.2132E+00  0.3217E+00
  0.1700E+04  0.2537E+00  0.3766E+00
  0.1705E+04  0.2857E+00  0.4148E+00
  0.1710E+04  0.3111E+00  0.4438E+00
  0.1715E+04  0.3319E+00  0.4670E+00
  0.1720E+04  0.3493E+00  0.4861E+00
  0.1725E+04  0.3640E+00  0.5023E+00
  0.1730E+04  0.3764E+00  0.5162E+00
  0.1735E+04  0.3868E+00  0.5282E+00
  0.1740E+04  0.3955E+00  0.5387E+00
  0.1745E+04  0.4027E+00  0.5477E+00
  0.1750E+04  0.4087E+00  0.5555E+00
  0.1755E+04  0.4136E+00  0.5621E+00
  0.1760E+04  0.4177E+00  0.5676E+00
  0.1765E+04  0.4210E+00  0.5722E+00
  0.1770E+04  0.4238E+00  0.5758E+00
  0.1775E+04  0.4261E+00  0.5786E+00
  0.1780E+04  0.4282E+00  0.5807E+00
  0.1785E+04  0.4300E+00  0.5822E+00
  0.1790E+04  0.4318E+00  0.5831E+00
  0.1795E+04  0.4335E+00  0.5836E+00
  0.1800E+04  0.4353E+00  0.5838E+00
  0.1805E+04  0.4370E+00  0.5837E+00
  0.1810E+04  0.4388E+00  0.5834E+00
  0.1815E+04  0.4407E+00  0.5829E+00
  0.1820E+04  0.4425E+00  0.5825E+00
  0.1825E+04  0.4444E+00  0.5820E+00
  0.1830E+04  0.4463E+00  0.5816E+00
  0.1835E+04  0.4481E+00  0.5812E+00
  0.1840E+04  0.4498E+00  0.5809E+00
  0.1845E+04  0.4514E+00  0.5807E+00
  0.1850E+04  0.4529E+00  0.5805E+00
  0.1855E+04  0.4542E+00  0.5804E+00
  0.1860E+04  0.4554E+00  0.5803E+00
  0.1865E+04  0.4564E+00  0.5802E+00
  0.1870E+04  0.4572E+00  0.5802E+00
  0.1875E+04  0.4578E+00  0.5801E+00
  0.1880E+04  0.4583E+00  0.5799E+00
  0.1885E+04  0.4586E+00  0.5797E+00
  0.1890E+04  0.4588E+00  0.5794E+00
  0.1895E+04  0.4588E+00  0.5789E+00
  0.1900E+04  0.4588E+00  0.5784E+00
  0.1905E+04  0.4587E+00  0.5777E+00
  0.1910E+04  0.4585E+00  0.5769E+00
  0.1915E+04  0.4583E+00  0.5760E+00
  0.1920E+04  0.4582E+00  0.5750E+00
  0.1925E+04  0.4580E+00  0.5739E+00
  0.1930E+04  0.4579E+00  0.5726E+00
  0.1935E+04  0.4579E+00  0.5713E+00
  0.1940E+04  0.4579E+00  0.5700E+00
  0.1945E+04  0.4580E+00  0.5686E+00
  0.1950E+04  0.4582E+00  0.5672E+00
  0.1955E+04  0.4585E+00  0.5657E+00
  0.1960E+04  0.4589E+00  0.5644E+00
  0.1965E+04  0.4593E+00  0.5630E+00
  0.1970E+04  0.4598E+00  0.5617E+00
  0.1975E+04  0.4603E+00  0.5604E+00
  0.1980E+04  0.4609E+00  0.5592E+00
  0.1985E+04  0.4616E+00  0.5581E+00
  0.1990E+04  0.4622E+00  0.5571E+00
  0.1995E+04  0.4629E+00  0.5561E+00
  0.2000E+04  0.4635E+00  0.5552E+00
  0.2005E+04  0.4642E+00  0.5544E+00
  0.2010E+04  0.4648E+00  0.5537E+00
  0.2015E+04  0.4654E+00  0.5530E+00
  0.2020E+04  0.4660E+00  0.5524E+00
  0.2025E+04  0.4665E+00  0.5518E+00
  0.2030E+04  0.4670E+00  0.5513E+00
  0.2035E+04  0.4674E+00  0.5508E+00
  0.2040E+04  0.4678E+00  0.5504E+00
  0.2045E+04  0.4682E+00  0.5499E+00
  0.2050E+04  0.4685E+00  0.5495E+00
  0.2055E+04  0.4687E+00  0.5491E+00
  0.2060E+04  0.4689E+00  0.5487E+00
  0.2065E+04  0.4691E+00  0.5482E+00
  0.2070E+04  0.4693E+00  0.5478E+00
  0.2075E+04  0.4694E+00  0.5474E+00
  0.2080E+04  0.4696E+00  0.5470E+00
  0.2085E+04  0.4697E+00  0.5465E+00
  0.2090E+04  0.4698E+00  0.5460E+00
  0.2095E+04  0.4699E+00  0.5456E+00
  0.2100E+04  0.4700E+00  0.5451E+00
  0.2105E+04  0.4701E+00  0.5446E+00
  0.2110E+04  0.4702E+00  0.5442E+00
  0.2115E+04  0.4703E+00  0.5437E+00
  0.2120E+04  0.4704E+00  0.5432E+00
  0.2125E+04  0.4705E+00  0.5427E+00
  0.2130E+04  0.4707E+00  0.5423E+00
  0.2135E+04  0.4708E+00  0.5419E+00
  0.2140E+04  0.4710E+00  0.5414E+00
  0.2145E+04  0.4711E+00  0.5410E+00
  0.2150E+04  0.4713E+00  0.5406E+00
  0.2155E+04  0.4715E+00  0.5403E+00
  0.2160E+04  0.4716E+00  0.5399E+00
  0.2165E+04  0.4718E+00  0.5396E+00
  0.2170E+04  0.4719E+00  0.5393E+00
  0.2175E+04  0.4721E+00  0.5391E+00
  0.2180E+04  0.4722E+00  0.5388E+00
  0.2185E+04  0.4723E+00  0.5386E+00
  0.2190E+04  0.4724E+00  0.5384E+00
  0.2195E+04  0.4725E+00  0.5382E+00
  0.2200E+04  0.4725E+00  0.5381E+00
                   
   Partial-wave = S31
   W (MeV)   < MB (nf)|T| MB (ni) > 
  0.1690E+04 -0.6444E-01  0.4436E-02
  0.1695E+04 -0.1162E+00  0.1475E-01
  0.1700E+04 -0.1481E+00  0.2397E-01
  0.1705E+04 -0.1716E+00  0.3205E-01
  0.1710E+04 -0.1900E+00  0.3936E-01
  0.1715E+04 -0.2049E+00  0.4603E-01
  0.1720E+04 -0.2175E+00  0.5209E-01
  0.1725E+04 -0.2281E+00  0.5759E-01
  0.1730E+04 -0.2372E+00  0.6257E-01
  0.1735E+04 -0.2451E+00  0.6708E-01
  0.1740E+04 -0.2519E+00  0.7117E-01
  0.1745E+04 -0.2579E+00  0.7489E-01
  0.1750E+04 -0.2631E+00  0.7827E-01
  0.1755E+04 -0.2678E+00  0.8137E-01
  0.1760E+04 -0.2719E+00  0.8421E-01
  0.1765E+04 -0.2755E+00  0.8682E-01
  0.1770E+04 -0.2787E+00  0.8924E-01
  0.1775E+04 -0.2817E+00  0.9147E-01
  0.1780E+04 -0.2843E+00  0.9354E-01
  0.1785E+04 -0.2867E+00  0.9546E-01
  0.1790E+04 -0.2889E+00  0.9724E-01
  0.1795E+04 -0.2909E+00  0.9888E-01
  0.1800E+04 -0.2928E+00  0.1004E+00
  0.1805E+04 -0.2945E+00  0.1018E+00
  0.1810E+04 -0.2962E+00  0.1030E+00
  0.1815E+04 -0.2977E+00  0.1042E+00
  0.1820E+04 -0.2991E+00  0.1052E+00
  0.1825E+04 -0.3004E+00  0.1061E+00
  0.1830E+04 -0.3017E+00  0.1070E+00
  0.1835E+04 -0.3028E+00  0.1077E+00
  0.1840E+04 -0.3039E+00  0.1083E+00
  0.1845E+04 -0.3048E+00  0.1089E+00
  0.1850E+04 -0.3057E+00  0.1095E+00
  0.1855E+04 -0.3065E+00  0.1099E+00
  0.1860E+04 -0.3072E+00  0.1104E+00
  0.1865E+04 -0.3079E+00  0.1108E+00
  0.1870E+04 -0.3084E+00  0.1112E+00
  0.1875E+04 -0.3090E+00  0.1116E+00
  0.1880E+04 -0.3094E+00  0.1120E+00
  0.1885E+04 -0.3099E+00  0.1124E+00
  0.1890E+04 -0.3103E+00  0.1128E+00
  0.1895E+04 -0.3106E+00  0.1132E+00
  0.1900E+04 -0.3110E+00  0.1136E+00
  0.1905E+04 -0.3113E+00  0.1140E+00
  0.1910E+04 -0.3117E+00  0.1144E+00
  0.1915E+04 -0.3120E+00  0.1149E+00
  0.1920E+04 -0.3123E+00  0.1153E+00
  0.1925E+04 -0.3127E+00  0.1158E+00
  0.1930E+04 -0.3130E+00  0.1163E+00
  0.1935E+04 -0.3134E+00  0.1167E+00
  0.1940E+04 -0.3137E+00  0.1172E+00
  0.1945E+04 -0.3141E+00  0.1176E+00
  0.1950E+04 -0.3145E+00  0.1180E+00
  0.1955E+04 -0.3149E+00  0.1184E+00
  0.1960E+04 -0.3154E+00  0.1188E+00
  0.1965E+04 -0.3158E+00  0.1192E+00
  0.1970E+04 -0.3162E+00  0.1195E+00
  0.1975E+04 -0.3166E+00  0.1198E+00
  0.1980E+04 -0.3171E+00  0.1202E+00
  0.1985E+04 -0.3175E+00  0.1204E+00
  0.1990E+04 -0.3179E+00  0.1207E+00
  0.1995E+04 -0.3183E+00  0.1209E+00
  0.2000E+04 -0.3186E+00  0.1211E+00
  0.2005E+04 -0.3190E+00  0.1213E+00
  0.2010E+04 -0.3194E+00  0.1215E+00
  0.2015E+04 -0.3197E+00  0.1217E+00
  0.2020E+04 -0.3200E+00  0.1218E+00
  0.2025E+04 -0.3203E+00  0.1220E+00
  0.2030E+04 -0.3206E+00  0.1221E+00
  0.2035E+04 -0.3208E+00  0.1223E+00
  0.2040E+04 -0.3211E+00  0.1224E+00
  0.2045E+04 -0.3213E+00  0.1225E+00
  0.2050E+04 -0.3215E+00  0.1227E+00
  0.2055E+04 -0.3217E+00  0.1228E+00
  0.2060E+04 -0.3219E+00  0.1229E+00
  0.2065E+04 -0.3220E+00  0.1231E+00
  0.2070E+04 -0.3222E+00  0.1232E+00
  0.2075E+04 -0.3223E+00  0.1233E+00
  0.2080E+04 -0.3225E+00  0.1235E+00
  0.2085E+04 -0.3226E+00  0.1236E+00
  0.2090E+04 -0.3227E+00  0.1237E+00
  0.2095E+04 -0.3229E+00  0.1239E+00
  0.2100E+04 -0.3230E+00  0.1240E+00
  0.2105E+04 -0.3231E+00  0.1241E+00
  0.2110E+04 -0.3232E+00  0.1242E+00
  0.2115E+04 -0.3232E+00  0.1243E+00
  0.2120E+04 -0.3233E+00  0.1244E+00
  0.2125E+04 -0.3234E+00  0.1245E+00
  0.2130E+04 -0.3235E+00  0.1246E+00
  0.2135E+04 -0.3235E+00  0.1247E+00
  0.2140E+04 -0.3236E+00  0.1247E+00
  0.2145E+04 -0.3236E+00  0.1247E+00
  0.2150E+04 -0.3236E+00  0.1248E+00
  0.2155E+04 -0.3236E+00  0.1248E+00
  0.2160E+04 -0.3236E+00  0.1248E+00
  0.2165E+04 -0.3235E+00  0.1248E+00
  0.2170E+04 -0.3234E+00  0.1248E+00
  0.2175E+04 -0.3234E+00  0.1247E+00
  0.2180E+04 -0.3232E+00  0.1247E+00
  0.2185E+04 -0.3231E+00  0.1246E+00
  0.2190E+04 -0.3229E+00  0.1246E+00
  0.2195E+04 -0.3227E+00  0.1245E+00
  0.2200E+04 -0.3225E+00  0.1244E+00
                   
   Partial-wave = P11
   W (MeV)   < MB (nf)|T| MB (ni) > 
  0.1690E+04  0.1914E-02  0.5735E-03
  0.1695E+04  0.1244E-01  0.4023E-02
  0.1700E+04  0.2755E-01  0.9692E-02
  0.1705E+04  0.4564E-01  0.1750E-01
  0.1710E+04  0.6573E-01  0.2745E-01
  0.1715E+04  0.8707E-01  0.3953E-01
  0.1720E+04  0.1090E+00  0.5366E-01
  0.1725E+04  0.1311E+00  0.6970E-01
  0.1730E+04  0.1529E+00  0.8747E-01
  0.1735E+04  0.1740E+00  0.1068E+00
  0.1740E+04  0.1942E+00  0.1274E+00
  0.1745E+04  0.2132E+00  0.1490E+00
  0.1750E+04  0.2309E+00  0.1716E+00
  0.1755E+04  0.2473E+00  0.1947E+00
  0.1760E+04  0.2621E+00  0.2183E+00
  0.1765E+04  0.2755E+00  0.2420E+00
  0.1770E+04  0.2873E+00  0.2657E+00
  0.1775E+04  0.2976E+00  0.2892E+00
  0.1780E+04  0.3065E+00  0.3124E+00
  0.1785E+04  0.3141E+00  0.3350E+00
  0.1790E+04  0.3205E+00  0.3569E+00
  0.1795E+04  0.3258E+00  0.3781E+00
  0.1800E+04  0.3301E+00  0.3986E+00
  0.1805E+04  0.3336E+00  0.4182E+00
  0.1810E+04  0.3363E+00  0.4370E+00
  0.1815E+04  0.3384E+00  0.4550E+00
  0.1820E+04  0.3399E+00  0.4722E+00
  0.1825E+04  0.3409E+00  0.4887E+00
  0.1830E+04  0.3414E+00  0.5044E+00
  0.1835E+04  0.3416E+00  0.5195E+00
  0.1840E+04  0.3413E+00  0.5338E+00
  0.1845E+04  0.3407E+00  0.5475E+00
  0.1850E+04  0.3397E+00  0.5606E+00
  0.1855E+04  0.3384E+00  0.5730E+00
  0.1860E+04  0.3368E+00  0.5848E+00
  0.1865E+04  0.3349E+00  0.5959E+00
  0.1870E+04  0.3328E+00  0.6064E+00
  0.1875E+04  0.3305E+00  0.6163E+00
  0.1880E+04  0.3279E+00  0.6255E+00
  0.1885E+04  0.3252E+00  0.6341E+00
  0.1890E+04  0.3225E+00  0.6420E+00
  0.1895E+04  0.3196E+00  0.6493E+00
  0.1900E+04  0.3168E+00  0.6560E+00
  0.1905E+04  0.3140E+00  0.6621E+00
  0.1910E+04  0.3112E+00  0.6677E+00
  0.1915E+04  0.3086E+00  0.6727E+00
  0.1920E+04  0.3061E+00  0.6773E+00
  0.1925E+04  0.3037E+00  0.6814E+00
  0.1930E+04  0.3015E+00  0.6852E+00
  0.1935E+04  0.2995E+00  0.6886E+00
  0.1940E+04  0.2977E+00  0.6917E+00
  0.1945E+04  0.2961E+00  0.6945E+00
  0.1950E+04  0.2946E+00  0.6971E+00
  0.1955E+04  0.2933E+00  0.6995E+00
  0.1960E+04  0.2922E+00  0.7017E+00
  0.1965E+04  0.2912E+00  0.7038E+00
  0.1970E+04  0.2904E+00  0.7058E+00
  0.1975E+04  0.2896E+00  0.7077E+00
  0.1980E+04  0.2890E+00  0.7094E+00
  0.1985E+04  0.2884E+00  0.7111E+00
  0.1990E+04  0.2878E+00  0.7128E+00
  0.1995E+04  0.2873E+00  0.7143E+00
  0.2000E+04  0.2868E+00  0.7158E+00
  0.2005E+04  0.2864E+00  0.7172E+00
  0.2010E+04  0.2859E+00  0.7186E+00
  0.2015E+04  0.2854E+00  0.7198E+00
  0.2020E+04  0.2849E+00  0.7210E+00
  0.2025E+04  0.2844E+00  0.7220E+00
  0.2030E+04  0.2839E+00  0.7230E+00
  0.2035E+04  0.2834E+00  0.7239E+00
  0.2040E+04  0.2828E+00  0.7246E+00
  0.2045E+04  0.2823E+00  0.7253E+00
  0.2050E+04  0.2818E+00  0.7258E+00
  0.2055E+04  0.2812E+00  0.7262E+00
  0.2060E+04  0.2807E+00  0.7265E+00
  0.2065E+04  0.2802E+00  0.7268E+00
  0.2070E+04  0.2797E+00  0.7269E+00
  0.2075E+04  0.2793E+00  0.7269E+00
  0.2080E+04  0.2789E+00  0.7268E+00
  0.2085E+04  0.2785E+00  0.7266E+00
  0.2090E+04  0.2782E+00  0.7264E+00
  0.2095E+04  0.2779E+00  0.7260E+00
  0.2100E+04  0.2776E+00  0.7256E+00
  0.2105E+04  0.2774E+00  0.7251E+00
  0.2110E+04  0.2772E+00  0.7246E+00
  0.2115E+04  0.2771E+00  0.7240E+00
  0.2120E+04  0.2769E+00  0.7234E+00
  0.2125E+04  0.2769E+00  0.7228E+00
  0.2130E+04  0.2769E+00  0.7220E+00
  0.2135E+04  0.2769E+00  0.7213E+00
  0.2140E+04  0.2769E+00  0.7205E+00
  0.2145E+04  0.2769E+00  0.7198E+00
  0.2150E+04  0.2770E+00  0.7189E+00
  0.2155E+04  0.2771E+00  0.7181E+00
  0.2160E+04  0.2772E+00  0.7173E+00
  0.2165E+04  0.2774E+00  0.7164E+00
  0.2170E+04  0.2775E+00  0.7155E+00
  0.2175E+04  0.2776E+00  0.7146E+00
  0.2180E+04  0.2777E+00  0.7137E+00
  0.2185E+04  0.2779E+00  0.7128E+00
  0.2190E+04  0.2780E+00  0.7118E+00
  0.2195E+04  0.2780E+00  0.7108E+00
  0.2200E+04  0.2781E+00  0.7098E+00
                   
   Partial-wave = P13
   W (MeV)   < MB (nf)|T| MB (ni) > 
  0.1690E+04  0.8213E-04  0.4954E-04
  0.1695E+04  0.5877E-03  0.3199E-03
  0.1700E+04  0.1421E-02  0.7089E-03
  0.1705E+04  0.2549E-02  0.1181E-02
  0.1710E+04  0.3956E-02  0.1721E-02
  0.1715E+04  0.5628E-02  0.2315E-02
  0.1720E+04  0.7549E-02  0.2957E-02
  0.1725E+04  0.9706E-02  0.3640E-02
  0.1730E+04  0.1209E-01  0.4359E-02
  0.1735E+04  0.1467E-01  0.5110E-02
  0.1740E+04  0.1745E-01  0.5890E-02
  0.1745E+04  0.2042E-01  0.6696E-02
  0.1750E+04  0.2355E-01  0.7527E-02
  0.1755E+04  0.2684E-01  0.8380E-02
  0.1760E+04  0.3028E-01  0.9256E-02
  0.1765E+04  0.3385E-01  0.1015E-01
  0.1770E+04  0.3754E-01  0.1107E-01
  0.1775E+04  0.4134E-01  0.1201E-01
  0.1780E+04  0.4525E-01  0.1296E-01
  0.1785E+04  0.4924E-01  0.1394E-01
  0.1790E+04  0.5332E-01  0.1493E-01
  0.1795E+04  0.5748E-01  0.1594E-01
  0.1800E+04  0.6170E-01  0.1697E-01
  0.1805E+04  0.6598E-01  0.1802E-01
  0.1810E+04  0.7031E-01  0.1908E-01
  0.1815E+04  0.7468E-01  0.2016E-01
  0.1820E+04  0.7909E-01  0.2126E-01
  0.1825E+04  0.8354E-01  0.2238E-01
  0.1830E+04  0.8802E-01  0.2351E-01
  0.1835E+04  0.9252E-01  0.2466E-01
  0.1840E+04  0.9705E-01  0.2584E-01
  0.1845E+04  0.1016E+00  0.2703E-01
  0.1850E+04  0.1061E+00  0.2824E-01
  0.1855E+04  0.1107E+00  0.2947E-01
  0.1860E+04  0.1153E+00  0.3073E-01
  0.1865E+04  0.1198E+00  0.3201E-01
  0.1870E+04  0.1244E+00  0.3332E-01
  0.1875E+04  0.1289E+00  0.3465E-01
  0.1880E+04  0.1335E+00  0.3601E-01
  0.1885E+04  0.1380E+00  0.3740E-01
  0.1890E+04  0.1425E+00  0.3882E-01
  0.1895E+04  0.1469E+00  0.4026E-01
  0.1900E+04  0.1514E+00  0.4173E-01
  0.1905E+04  0.1558E+00  0.4324E-01
  0.1910E+04  0.1602E+00  0.4476E-01
  0.1915E+04  0.1646E+00  0.4632E-01
  0.1920E+04  0.1689E+00  0.4790E-01
  0.1925E+04  0.1731E+00  0.4950E-01
  0.1930E+04  0.1774E+00  0.5113E-01
  0.1935E+04  0.1815E+00  0.5277E-01
  0.1940E+04  0.1857E+00  0.5443E-01
  0.1945E+04  0.1898E+00  0.5612E-01
  0.1950E+04  0.1938E+00  0.5781E-01
  0.1955E+04  0.1978E+00  0.5952E-01
  0.1960E+04  0.2017E+00  0.6124E-01
  0.1965E+04  0.2056E+00  0.6298E-01
  0.1970E+04  0.2095E+00  0.6472E-01
  0.1975E+04  0.2133E+00  0.6648E-01
  0.1980E+04  0.2170E+00  0.6825E-01
  0.1985E+04  0.2207E+00  0.7002E-01
  0.1990E+04  0.2243E+00  0.7181E-01
  0.1995E+04  0.2280E+00  0.7361E-01
  0.2000E+04  0.2315E+00  0.7542E-01
  0.2005E+04  0.2350E+00  0.7724E-01
  0.2010E+04  0.2385E+00  0.7907E-01
  0.2015E+04  0.2419E+00  0.8091E-01
  0.2020E+04  0.2452E+00  0.8277E-01
  0.2025E+04  0.2485E+00  0.8463E-01
  0.2030E+04  0.2518E+00  0.8651E-01
  0.2035E+04  0.2550E+00  0.8839E-01
  0.2040E+04  0.2581E+00  0.9028E-01
  0.2045E+04  0.2612E+00  0.9218E-01
  0.2050E+04  0.2643E+00  0.9409E-01
  0.2055E+04  0.2672E+00  0.9600E-01
  0.2060E+04  0.2702E+00  0.9791E-01
  0.2065E+04  0.2730E+00  0.9982E-01
  0.2070E+04  0.2758E+00  0.1017E+00
  0.2075E+04  0.2786E+00  0.1036E+00
  0.2080E+04  0.2813E+00  0.1055E+00
  0.2085E+04  0.2839E+00  0.1074E+00
  0.2090E+04  0.2865E+00  0.1093E+00
  0.2095E+04  0.2891E+00  0.1112E+00
  0.2100E+04  0.2916E+00  0.1131E+00
  0.2105E+04  0.2940E+00  0.1149E+00
  0.2110E+04  0.2964E+00  0.1168E+00
  0.2115E+04  0.2988E+00  0.1186E+00
  0.2120E+04  0.3011E+00  0.1205E+00
  0.2125E+04  0.3034E+00  0.1223E+00
  0.2130E+04  0.3056E+00  0.1241E+00
  0.2135E+04  0.3078E+00  0.1258E+00
  0.2140E+04  0.3099E+00  0.1276E+00
  0.2145E+04  0.3120E+00  0.1294E+00
  0.2150E+04  0.3141E+00  0.1311E+00
  0.2155E+04  0.3162E+00  0.1329E+00
  0.2160E+04  0.3182E+00  0.1346E+00
  0.2165E+04  0.3202E+00  0.1363E+00
  0.2170E+04  0.3221E+00  0.1381E+00
  0.2175E+04  0.3241E+00  0.1398E+00
  0.2180E+04  0.3260E+00  0.1415E+00
  0.2185E+04  0.3278E+00  0.1431E+00
  0.2190E+04  0.3296E+00  0.1448E+00
  0.2195E+04  0.3314E+00  0.1465E+00
  0.2200E+04  0.3332E+00  0.1482E+00
                   
   Partial-wave = P31
   W (MeV)   < MB (nf)|T| MB (ni) > 
  0.1690E+04 -0.1353E-03  0.7020E-04
  0.1695E+04 -0.7558E-03  0.4642E-03
  0.1700E+04 -0.1419E-02  0.1055E-02
  0.1705E+04 -0.1947E-02  0.1807E-02
  0.1710E+04 -0.2240E-02  0.2708E-02
  0.1715E+04 -0.2234E-02  0.3757E-02
  0.1720E+04 -0.1881E-02  0.4961E-02
  0.1725E+04 -0.1147E-02  0.6331E-02
  0.1730E+04 -0.6108E-05  0.7880E-02
  0.1735E+04  0.1559E-02  0.9628E-02
  0.1740E+04  0.3560E-02  0.1160E-01
  0.1745E+04  0.6003E-02  0.1382E-01
  0.1750E+04  0.8888E-02  0.1632E-01
  0.1755E+04  0.1221E-01  0.1913E-01
  0.1760E+04  0.1596E-01  0.2228E-01
  0.1765E+04  0.2011E-01  0.2582E-01
  0.1770E+04  0.2465E-01  0.2979E-01
  0.1775E+04  0.2954E-01  0.3421E-01
  0.1780E+04  0.3475E-01  0.3913E-01
  0.1785E+04  0.4023E-01  0.4458E-01
  0.1790E+04  0.4594E-01  0.5060E-01
  0.1795E+04  0.5181E-01  0.5720E-01
  0.1800E+04  0.5780E-01  0.6442E-01
  0.1805E+04  0.6384E-01  0.7228E-01
  0.1810E+04  0.6986E-01  0.8079E-01
  0.1815E+04  0.7578E-01  0.8995E-01
  0.1820E+04  0.8155E-01  0.9977E-01
  0.1825E+04  0.8707E-01  0.1102E+00
  0.1830E+04  0.9228E-01  0.1213E+00
  0.1835E+04  0.9709E-01  0.1330E+00
  0.1840E+04  0.1014E+00  0.1453E+00
  0.1845E+04  0.1052E+00  0.1581E+00
  0.1850E+04  0.1084E+00  0.1714E+00
  0.1855E+04  0.1108E+00  0.1851E+00
  0.1860E+04  0.1126E+00  0.1991E+00
  0.1865E+04  0.1135E+00  0.2133E+00
  0.1870E+04  0.1136E+00  0.2277E+00
  0.1875E+04  0.1129E+00  0.2421E+00
  0.1880E+04  0.1113E+00  0.2564E+00
  0.1885E+04  0.1089E+00  0.2706E+00
  0.1890E+04  0.1057E+00  0.2845E+00
  0.1895E+04  0.1018E+00  0.2980E+00
  0.1900E+04  0.9725E-01  0.3112E+00
  0.1905E+04  0.9206E-01  0.3238E+00
  0.1910E+04  0.8635E-01  0.3360E+00
  0.1915E+04  0.8017E-01  0.3476E+00
  0.1920E+04  0.7360E-01  0.3587E+00
  0.1925E+04  0.6670E-01  0.3692E+00
  0.1930E+04  0.5952E-01  0.3791E+00
  0.1935E+04  0.5212E-01  0.3885E+00
  0.1940E+04  0.4455E-01  0.3973E+00
  0.1945E+04  0.3683E-01  0.4057E+00
  0.1950E+04  0.2901E-01  0.4135E+00
  0.1955E+04  0.2111E-01  0.4209E+00
  0.1960E+04  0.1316E-01  0.4277E+00
  0.1965E+04  0.5194E-02  0.4341E+00
  0.1970E+04 -0.2776E-02  0.4400E+00
  0.1975E+04 -0.1072E-01  0.4455E+00
  0.1980E+04 -0.1861E-01  0.4505E+00
  0.1985E+04 -0.2643E-01  0.4551E+00
  0.1990E+04 -0.3414E-01  0.4594E+00
  0.1995E+04 -0.4174E-01  0.4632E+00
  0.2000E+04 -0.4918E-01  0.4667E+00
  0.2005E+04 -0.5646E-01  0.4698E+00
  0.2010E+04 -0.6356E-01  0.4726E+00
  0.2015E+04 -0.7046E-01  0.4752E+00
  0.2020E+04 -0.7715E-01  0.4774E+00
  0.2025E+04 -0.8362E-01  0.4795E+00
  0.2030E+04 -0.8987E-01  0.4814E+00
  0.2035E+04 -0.9591E-01  0.4830E+00
  0.2040E+04 -0.1017E+00  0.4846E+00
  0.2045E+04 -0.1074E+00  0.4860E+00
  0.2050E+04 -0.1128E+00  0.4874E+00
  0.2055E+04 -0.1180E+00  0.4886E+00
  0.2060E+04 -0.1231E+00  0.4898E+00
  0.2065E+04 -0.1280E+00  0.4910E+00
  0.2070E+04 -0.1328E+00  0.4922E+00
  0.2075E+04 -0.1375E+00  0.4933E+00
  0.2080E+04 -0.1421E+00  0.4944E+00
  0.2085E+04 -0.1467E+00  0.4955E+00
  0.2090E+04 -0.1511E+00  0.4966E+00
  0.2095E+04 -0.1556E+00  0.4977E+00
  0.2100E+04 -0.1600E+00  0.4987E+00
  0.2105E+04 -0.1644E+00  0.4996E+00
  0.2110E+04 -0.1688E+00  0.5006E+00
  0.2115E+04 -0.1732E+00  0.5014E+00
  0.2120E+04 -0.1776E+00  0.5021E+00
  0.2125E+04 -0.1819E+00  0.5028E+00
  0.2130E+04 -0.1863E+00  0.5033E+00
  0.2135E+04 -0.1906E+00  0.5037E+00
  0.2140E+04 -0.1950E+00  0.5039E+00
  0.2145E+04 -0.1992E+00  0.5040E+00
  0.2150E+04 -0.2034E+00  0.5040E+00
  0.2155E+04 -0.2075E+00  0.5038E+00
  0.2160E+04 -0.2115E+00  0.5034E+00
  0.2165E+04 -0.2154E+00  0.5029E+00
  0.2170E+04 -0.2191E+00  0.5023E+00
  0.2175E+04 -0.2227E+00  0.5015E+00
  0.2180E+04 -0.2261E+00  0.5006E+00
  0.2185E+04 -0.2294E+00  0.4996E+00
  0.2190E+04 -0.2324E+00  0.4986E+00
  0.2195E+04 -0.2353E+00  0.4975E+00
  0.2200E+04 -0.2380E+00  0.4963E+00
                   
   Partial-wave = P33
   W (MeV)   < MB (nf)|T| MB (ni) > 
  0.1690E+04  0.3221E-03  0.9359E-06
  0.1695E+04  0.1944E-02  0.8875E-05
  0.1700E+04  0.4013E-02  0.2679E-04
  0.1705E+04  0.6217E-02  0.5522E-04
  0.1710E+04  0.8394E-02  0.9301E-04
  0.1715E+04  0.1045E-01  0.1377E-03
  0.1720E+04  0.1232E-01  0.1863E-03
  0.1725E+04  0.1398E-01  0.2354E-03
  0.1730E+04  0.1539E-01  0.2824E-03
  0.1735E+04  0.1655E-01  0.3247E-03
  0.1740E+04  0.1746E-01  0.3605E-03
  0.1745E+04  0.1811E-01  0.3886E-03
  0.1750E+04  0.1851E-01  0.4082E-03
  0.1755E+04  0.1867E-01  0.4191E-03
  0.1760E+04  0.1861E-01  0.4215E-03
  0.1765E+04  0.1832E-01  0.4157E-03
  0.1770E+04  0.1783E-01  0.4027E-03
  0.1775E+04  0.1715E-01  0.3834E-03
  0.1780E+04  0.1628E-01  0.3590E-03
  0.1785E+04  0.1525E-01  0.3307E-03
  0.1790E+04  0.1407E-01  0.3000E-03
  0.1795E+04  0.1274E-01  0.2682E-03
  0.1800E+04  0.1127E-01  0.2368E-03
  0.1805E+04  0.9692E-02  0.2073E-03
  0.1810E+04  0.7999E-02  0.1809E-03
  0.1815E+04  0.6206E-02  0.1589E-03
  0.1820E+04  0.4321E-02  0.1426E-03
  0.1825E+04  0.2353E-02  0.1329E-03
  0.1830E+04  0.3109E-03  0.1310E-03
  0.1835E+04 -0.1798E-02  0.1376E-03
  0.1840E+04 -0.3968E-02  0.1535E-03
  0.1845E+04 -0.6190E-02  0.1794E-03
  0.1850E+04 -0.8460E-02  0.2158E-03
  0.1855E+04 -0.1077E-01  0.2632E-03
  0.1860E+04 -0.1312E-01  0.3220E-03
  0.1865E+04 -0.1550E-01  0.3926E-03
  0.1870E+04 -0.1790E-01  0.4753E-03
  0.1875E+04 -0.2032E-01  0.5703E-03
  0.1880E+04 -0.2277E-01  0.6778E-03
  0.1885E+04 -0.2523E-01  0.7980E-03
  0.1890E+04 -0.2769E-01  0.9311E-03
  0.1895E+04 -0.3017E-01  0.1077E-02
  0.1900E+04 -0.3265E-01  0.1236E-02
  0.1905E+04 -0.3514E-01  0.1408E-02
  0.1910E+04 -0.3762E-01  0.1592E-02
  0.1915E+04 -0.4010E-01  0.1790E-02
  0.1920E+04 -0.4258E-01  0.2000E-02
  0.1925E+04 -0.4505E-01  0.2222E-02
  0.1930E+04 -0.4752E-01  0.2457E-02
  0.1935E+04 -0.4997E-01  0.2703E-02
  0.1940E+04 -0.5242E-01  0.2961E-02
  0.1945E+04 -0.5486E-01  0.3230E-02
  0.1950E+04 -0.5728E-01  0.3509E-02
  0.1955E+04 -0.5969E-01  0.3799E-02
  0.1960E+04 -0.6209E-01  0.4098E-02
  0.1965E+04 -0.6447E-01  0.4407E-02
  0.1970E+04 -0.6683E-01  0.4725E-02
  0.1975E+04 -0.6918E-01  0.5051E-02
  0.1980E+04 -0.7151E-01  0.5385E-02
  0.1985E+04 -0.7382E-01  0.5727E-02
  0.1990E+04 -0.7612E-01  0.6076E-02
  0.1995E+04 -0.7839E-01  0.6432E-02
  0.2000E+04 -0.8064E-01  0.6796E-02
  0.2005E+04 -0.8288E-01  0.7165E-02
  0.2010E+04 -0.8509E-01  0.7542E-02
  0.2015E+04 -0.8729E-01  0.7924E-02
  0.2020E+04 -0.8946E-01  0.8313E-02
  0.2025E+04 -0.9161E-01  0.8707E-02
  0.2030E+04 -0.9373E-01  0.9107E-02
  0.2035E+04 -0.9584E-01  0.9513E-02
  0.2040E+04 -0.9793E-01  0.9924E-02
  0.2045E+04 -0.9999E-01  0.1034E-01
  0.2050E+04 -0.1020E+00  0.1076E-01
  0.2055E+04 -0.1041E+00  0.1119E-01
  0.2060E+04 -0.1061E+00  0.1162E-01
  0.2065E+04 -0.1080E+00  0.1205E-01
  0.2070E+04 -0.1100E+00  0.1249E-01
  0.2075E+04 -0.1119E+00  0.1294E-01
  0.2080E+04 -0.1139E+00  0.1339E-01
  0.2085E+04 -0.1158E+00  0.1384E-01
  0.2090E+04 -0.1176E+00  0.1429E-01
  0.2095E+04 -0.1195E+00  0.1475E-01
  0.2100E+04 -0.1213E+00  0.1521E-01
  0.2105E+04 -0.1231E+00  0.1568E-01
  0.2110E+04 -0.1249E+00  0.1614E-01
  0.2115E+04 -0.1267E+00  0.1661E-01
  0.2120E+04 -0.1285E+00  0.1708E-01
  0.2125E+04 -0.1302E+00  0.1755E-01
  0.2130E+04 -0.1320E+00  0.1802E-01
  0.2135E+04 -0.1337E+00  0.1850E-01
  0.2140E+04 -0.1353E+00  0.1897E-01
  0.2145E+04 -0.1370E+00  0.1945E-01
  0.2150E+04 -0.1387E+00  0.1992E-01
  0.2155E+04 -0.1403E+00  0.2040E-01
  0.2160E+04 -0.1419E+00  0.2088E-01
  0.2165E+04 -0.1435E+00  0.2135E-01
  0.2170E+04 -0.1451E+00  0.2183E-01
  0.2175E+04 -0.1467E+00  0.2231E-01
  0.2180E+04 -0.1482E+00  0.2279E-01
  0.2185E+04 -0.1497E+00  0.2327E-01
  0.2190E+04 -0.1512E+00  0.2374E-01
  0.2195E+04 -0.1527E+00  0.2422E-01
  0.2200E+04 -0.1542E+00  0.2471E-01
                   
   Partial-wave = D13
   W (MeV)   < MB (nf)|T| MB (ni) > 
  0.1690E+04  0.1709E-05  0.2429E-06
  0.1695E+04  0.3856E-04  0.5370E-05
  0.1700E+04  0.1461E-03  0.1998E-04
  0.1705E+04  0.3435E-03  0.4626E-04
  0.1710E+04  0.6445E-03  0.8560E-04
  0.1715E+04  0.1059E-02  0.1390E-03
  0.1720E+04  0.1595E-02  0.2073E-03
  0.1725E+04  0.2259E-02  0.2911E-03
  0.1730E+04  0.3055E-02  0.3909E-03
  0.1735E+04  0.3987E-02  0.5074E-03
  0.1740E+04  0.5057E-02  0.6409E-03
  0.1745E+04  0.6269E-02  0.7919E-03
  0.1750E+04  0.7623E-02  0.9609E-03
  0.1755E+04  0.9120E-02  0.1148E-02
  0.1760E+04  0.1076E-01  0.1355E-02
  0.1765E+04  0.1255E-01  0.1581E-02
  0.1770E+04  0.1448E-01  0.1827E-02
  0.1775E+04  0.1656E-01  0.2095E-02
  0.1780E+04  0.1878E-01  0.2385E-02
  0.1785E+04  0.2114E-01  0.2699E-02
  0.1790E+04  0.2364E-01  0.3038E-02
  0.1795E+04  0.2629E-01  0.3404E-02
  0.1800E+04  0.2908E-01  0.3798E-02
  0.1805E+04  0.3201E-01  0.4222E-02
  0.1810E+04  0.3507E-01  0.4677E-02
  0.1815E+04  0.3827E-01  0.5167E-02
  0.1820E+04  0.4161E-01  0.5693E-02
  0.1825E+04  0.4507E-01  0.6257E-02
  0.1830E+04  0.4867E-01  0.6862E-02
  0.1835E+04  0.5239E-01  0.7509E-02
  0.1840E+04  0.5624E-01  0.8202E-02
  0.1845E+04  0.6021E-01  0.8943E-02
  0.1850E+04  0.6430E-01  0.9735E-02
  0.1855E+04  0.6851E-01  0.1058E-01
  0.1860E+04  0.7283E-01  0.1148E-01
  0.1865E+04  0.7727E-01  0.1244E-01
  0.1870E+04  0.8181E-01  0.1347E-01
  0.1875E+04  0.8647E-01  0.1456E-01
  0.1880E+04  0.9122E-01  0.1572E-01
  0.1885E+04  0.9607E-01  0.1696E-01
  0.1890E+04  0.1010E+00  0.1827E-01
  0.1895E+04  0.1060E+00  0.1966E-01
  0.1900E+04  0.1112E+00  0.2114E-01
  0.1905E+04  0.1163E+00  0.2270E-01
  0.1910E+04  0.1216E+00  0.2435E-01
  0.1915E+04  0.1270E+00  0.2610E-01
  0.1920E+04  0.1323E+00  0.2794E-01
  0.1925E+04  0.1378E+00  0.2988E-01
  0.1930E+04  0.1433E+00  0.3191E-01
  0.1935E+04  0.1488E+00  0.3405E-01
  0.1940E+04  0.1544E+00  0.3628E-01
  0.1945E+04  0.1600E+00  0.3862E-01
  0.1950E+04  0.1656E+00  0.4106E-01
  0.1955E+04  0.1712E+00  0.4359E-01
  0.1960E+04  0.1768E+00  0.4623E-01
  0.1965E+04  0.1825E+00  0.4896E-01
  0.1970E+04  0.1881E+00  0.5180E-01
  0.1975E+04  0.1937E+00  0.5473E-01
  0.1980E+04  0.1993E+00  0.5775E-01
  0.1985E+04  0.2049E+00  0.6087E-01
  0.1990E+04  0.2104E+00  0.6408E-01
  0.1995E+04  0.2160E+00  0.6738E-01
  0.2000E+04  0.2214E+00  0.7077E-01
  0.2005E+04  0.2269E+00  0.7425E-01
  0.2010E+04  0.2323E+00  0.7781E-01
  0.2015E+04  0.2376E+00  0.8145E-01
  0.2020E+04  0.2429E+00  0.8517E-01
  0.2025E+04  0.2481E+00  0.8897E-01
  0.2030E+04  0.2532E+00  0.9283E-01
  0.2035E+04  0.2583E+00  0.9677E-01
  0.2040E+04  0.2633E+00  0.1008E+00
  0.2045E+04  0.2682E+00  0.1048E+00
  0.2050E+04  0.2730E+00  0.1089E+00
  0.2055E+04  0.2777E+00  0.1131E+00
  0.2060E+04  0.2823E+00  0.1173E+00
  0.2065E+04  0.2868E+00  0.1215E+00
  0.2070E+04  0.2913E+00  0.1258E+00
  0.2075E+04  0.2956E+00  0.1300E+00
  0.2080E+04  0.2999E+00  0.1343E+00
  0.2085E+04  0.3040E+00  0.1386E+00
  0.2090E+04  0.3080E+00  0.1429E+00
  0.2095E+04  0.3120E+00  0.1472E+00
  0.2100E+04  0.3158E+00  0.1515E+00
  0.2105E+04  0.3196E+00  0.1558E+00
  0.2110E+04  0.3232E+00  0.1601E+00
  0.2115E+04  0.3268E+00  0.1643E+00
  0.2120E+04  0.3303E+00  0.1685E+00
  0.2125E+04  0.3337E+00  0.1727E+00
  0.2130E+04  0.3370E+00  0.1769E+00
  0.2135E+04  0.3403E+00  0.1810E+00
  0.2140E+04  0.3435E+00  0.1851E+00
  0.2145E+04  0.3467E+00  0.1891E+00
  0.2150E+04  0.3498E+00  0.1932E+00
  0.2155E+04  0.3528E+00  0.1971E+00
  0.2160E+04  0.3558E+00  0.2011E+00
  0.2165E+04  0.3588E+00  0.2050E+00
  0.2170E+04  0.3617E+00  0.2089E+00
  0.2175E+04  0.3645E+00  0.2128E+00
  0.2180E+04  0.3674E+00  0.2167E+00
  0.2185E+04  0.3702E+00  0.2205E+00
  0.2190E+04  0.3729E+00  0.2244E+00
  0.2195E+04  0.3756E+00  0.2282E+00
  0.2200E+04  0.3783E+00  0.2320E+00
                   
   Partial-wave = D15
   W (MeV)   < MB (nf)|T| MB (ni) > 
  0.1690E+04  0.8102E-06  0.2011E-07
  0.1695E+04  0.1790E-04  0.4374E-06
  0.1700E+04  0.6648E-04  0.1600E-05
  0.1705E+04  0.1534E-03  0.3641E-05
  0.1710E+04  0.2825E-03  0.6624E-05
  0.1715E+04  0.4561E-03  0.1058E-04
  0.1720E+04  0.6753E-03  0.1554E-04
  0.1725E+04  0.9407E-03  0.2151E-04
  0.1730E+04  0.1252E-02  0.2852E-04
  0.1735E+04  0.1609E-02  0.3659E-04
  0.1740E+04  0.2012E-02  0.4577E-04
  0.1745E+04  0.2459E-02  0.5609E-04
  0.1750E+04  0.2949E-02  0.6760E-04
  0.1755E+04  0.3482E-02  0.8037E-04
  0.1760E+04  0.4056E-02  0.9446E-04
  0.1765E+04  0.4671E-02  0.1100E-03
  0.1770E+04  0.5325E-02  0.1270E-03
  0.1775E+04  0.6017E-02  0.1456E-03
  0.1780E+04  0.6746E-02  0.1659E-03
  0.1785E+04  0.7511E-02  0.1880E-03
  0.1790E+04  0.8311E-02  0.2120E-03
  0.1795E+04  0.9144E-02  0.2381E-03
  0.1800E+04  0.1001E-01  0.2664E-03
  0.1805E+04  0.1091E-01  0.2970E-03
  0.1810E+04  0.1184E-01  0.3300E-03
  0.1815E+04  0.1280E-01  0.3655E-03
  0.1820E+04  0.1378E-01  0.4038E-03
  0.1825E+04  0.1480E-01  0.4448E-03
  0.1830E+04  0.1584E-01  0.4888E-03
  0.1835E+04  0.1691E-01  0.5359E-03
  0.1840E+04  0.1801E-01  0.5862E-03
  0.1845E+04  0.1913E-01  0.6400E-03
  0.1850E+04  0.2027E-01  0.6973E-03
  0.1855E+04  0.2144E-01  0.7583E-03
  0.1860E+04  0.2263E-01  0.8232E-03
  0.1865E+04  0.2384E-01  0.8922E-03
  0.1870E+04  0.2507E-01  0.9655E-03
  0.1875E+04  0.2633E-01  0.1043E-02
  0.1880E+04  0.2760E-01  0.1125E-02
  0.1885E+04  0.2890E-01  0.1212E-02
  0.1890E+04  0.3021E-01  0.1304E-02
  0.1895E+04  0.3154E-01  0.1401E-02
  0.1900E+04  0.3289E-01  0.1503E-02
  0.1905E+04  0.3425E-01  0.1610E-02
  0.1910E+04  0.3563E-01  0.1723E-02
  0.1915E+04  0.3703E-01  0.1841E-02
  0.1920E+04  0.3844E-01  0.1964E-02
  0.1925E+04  0.3987E-01  0.2093E-02
  0.1930E+04  0.4131E-01  0.2227E-02
  0.1935E+04  0.4276E-01  0.2367E-02
  0.1940E+04  0.4423E-01  0.2513E-02
  0.1945E+04  0.4571E-01  0.2663E-02
  0.1950E+04  0.4720E-01  0.2820E-02
  0.1955E+04  0.4870E-01  0.2981E-02
  0.1960E+04  0.5022E-01  0.3148E-02
  0.1965E+04  0.5174E-01  0.3321E-02
  0.1970E+04  0.5328E-01  0.3499E-02
  0.1975E+04  0.5482E-01  0.3682E-02
  0.1980E+04  0.5638E-01  0.3871E-02
  0.1985E+04  0.5794E-01  0.4066E-02
  0.1990E+04  0.5951E-01  0.4266E-02
  0.1995E+04  0.6110E-01  0.4472E-02
  0.2000E+04  0.6269E-01  0.4684E-02
  0.2005E+04  0.6428E-01  0.4902E-02
  0.2010E+04  0.6589E-01  0.5126E-02
  0.2015E+04  0.6750E-01  0.5356E-02
  0.2020E+04  0.6913E-01  0.5593E-02
  0.2025E+04  0.7075E-01  0.5836E-02
  0.2030E+04  0.7239E-01  0.6085E-02
  0.2035E+04  0.7403E-01  0.6341E-02
  0.2040E+04  0.7567E-01  0.6604E-02
  0.2045E+04  0.7732E-01  0.6874E-02
  0.2050E+04  0.7898E-01  0.7151E-02
  0.2055E+04  0.8064E-01  0.7435E-02
  0.2060E+04  0.8230E-01  0.7725E-02
  0.2065E+04  0.8397E-01  0.8023E-02
  0.2070E+04  0.8564E-01  0.8327E-02
  0.2075E+04  0.8732E-01  0.8638E-02
  0.2080E+04  0.8899E-01  0.8956E-02
  0.2085E+04  0.9067E-01  0.9281E-02
  0.2090E+04  0.9235E-01  0.9613E-02
  0.2095E+04  0.9404E-01  0.9951E-02
  0.2100E+04  0.9572E-01  0.1030E-01
  0.2105E+04  0.9741E-01  0.1065E-01
  0.2110E+04  0.9909E-01  0.1100E-01
  0.2115E+04  0.1008E+00  0.1137E-01
  0.2120E+04  0.1025E+00  0.1174E-01
  0.2125E+04  0.1042E+00  0.1211E-01
  0.2130E+04  0.1058E+00  0.1250E-01
  0.2135E+04  0.1075E+00  0.1288E-01
  0.2140E+04  0.1092E+00  0.1328E-01
  0.2145E+04  0.1109E+00  0.1368E-01
  0.2150E+04  0.1126E+00  0.1409E-01
  0.2155E+04  0.1143E+00  0.1450E-01
  0.2160E+04  0.1160E+00  0.1492E-01
  0.2165E+04  0.1177E+00  0.1534E-01
  0.2170E+04  0.1194E+00  0.1577E-01
  0.2175E+04  0.1211E+00  0.1621E-01
  0.2180E+04  0.1227E+00  0.1665E-01
  0.2185E+04  0.1244E+00  0.1710E-01
  0.2190E+04  0.1261E+00  0.1756E-01
  0.2195E+04  0.1278E+00  0.1802E-01
  0.2200E+04  0.1295E+00  0.1849E-01
                   
   Partial-wave = D33
   W (MeV)   < MB (nf)|T| MB (ni) > 
  0.1690E+04 -0.1019E-05  0.5003E-07
  0.1695E+04 -0.2280E-04  0.1123E-05
  0.1700E+04 -0.8567E-04  0.4235E-05
  0.1705E+04 -0.1999E-03  0.9918E-05
  0.1710E+04 -0.3719E-03  0.1854E-04
  0.1715E+04 -0.6062E-03  0.3037E-04
  0.1720E+04 -0.9055E-03  0.4564E-04
  0.1725E+04 -0.1272E-02  0.6456E-04
  0.1730E+04 -0.1706E-02  0.8732E-04
  0.1735E+04 -0.2208E-02  0.1141E-03
  0.1740E+04 -0.2778E-02  0.1451E-03
  0.1745E+04 -0.3416E-02  0.1805E-03
  0.1750E+04 -0.4120E-02  0.2205E-03
  0.1755E+04 -0.4889E-02  0.2653E-03
  0.1760E+04 -0.5722E-02  0.3152E-03
  0.1765E+04 -0.6618E-02  0.3704E-03
  0.1770E+04 -0.7574E-02  0.4311E-03
  0.1775E+04 -0.8589E-02  0.4976E-03
  0.1780E+04 -0.9661E-02  0.5702E-03
  0.1785E+04 -0.1079E-01  0.6489E-03
  0.1790E+04 -0.1197E-01  0.7342E-03
  0.1795E+04 -0.1320E-01  0.8261E-03
  0.1800E+04 -0.1448E-01  0.9249E-03
  0.1805E+04 -0.1581E-01  0.1031E-02
  0.1810E+04 -0.1719E-01  0.1144E-02
  0.1815E+04 -0.1861E-01  0.1264E-02
  0.1820E+04 -0.2007E-01  0.1391E-02
  0.1825E+04 -0.2157E-01  0.1527E-02
  0.1830E+04 -0.2311E-01  0.1669E-02
  0.1835E+04 -0.2468E-01  0.1819E-02
  0.1840E+04 -0.2629E-01  0.1978E-02
  0.1845E+04 -0.2794E-01  0.2144E-02
  0.1850E+04 -0.2961E-01  0.2318E-02
  0.1855E+04 -0.3131E-01  0.2500E-02
  0.1860E+04 -0.3304E-01  0.2691E-02
  0.1865E+04 -0.3480E-01  0.2890E-02
  0.1870E+04 -0.3658E-01  0.3098E-02
  0.1875E+04 -0.3839E-01  0.3315E-02
  0.1880E+04 -0.4021E-01  0.3541E-02
  0.1885E+04 -0.4206E-01  0.3776E-02
  0.1890E+04 -0.4392E-01  0.4021E-02
  0.1895E+04 -0.4581E-01  0.4275E-02
  0.1900E+04 -0.4770E-01  0.4540E-02
  0.1905E+04 -0.4962E-01  0.4814E-02
  0.1910E+04 -0.5155E-01  0.5097E-02
  0.1915E+04 -0.5349E-01  0.5391E-02
  0.1920E+04 -0.5545E-01  0.5695E-02
  0.1925E+04 -0.5742E-01  0.6009E-02
  0.1930E+04 -0.5939E-01  0.6332E-02
  0.1935E+04 -0.6138E-01  0.6666E-02
  0.1940E+04 -0.6338E-01  0.7009E-02
  0.1945E+04 -0.6539E-01  0.7361E-02
  0.1950E+04 -0.6740E-01  0.7722E-02
  0.1955E+04 -0.6942E-01  0.8093E-02
  0.1960E+04 -0.7145E-01  0.8472E-02
  0.1965E+04 -0.7348E-01  0.8859E-02
  0.1970E+04 -0.7552E-01  0.9255E-02
  0.1975E+04 -0.7756E-01  0.9660E-02
  0.1980E+04 -0.7961E-01  0.1007E-01
  0.1985E+04 -0.8165E-01  0.1049E-01
  0.1990E+04 -0.8370E-01  0.1092E-01
  0.1995E+04 -0.8575E-01  0.1135E-01
  0.2000E+04 -0.8780E-01  0.1180E-01
  0.2005E+04 -0.8985E-01  0.1225E-01
  0.2010E+04 -0.9189E-01  0.1270E-01
  0.2015E+04 -0.9394E-01  0.1317E-01
  0.2020E+04 -0.9598E-01  0.1364E-01
  0.2025E+04 -0.9802E-01  0.1412E-01
  0.2030E+04 -0.1001E+00  0.1460E-01
  0.2035E+04 -0.1021E+00  0.1509E-01
  0.2040E+04 -0.1041E+00  0.1559E-01
  0.2045E+04 -0.1061E+00  0.1610E-01
  0.2050E+04 -0.1081E+00  0.1662E-01
  0.2055E+04 -0.1102E+00  0.1714E-01
  0.2060E+04 -0.1122E+00  0.1767E-01
  0.2065E+04 -0.1142E+00  0.1820E-01
  0.2070E+04 -0.1162E+00  0.1874E-01
  0.2075E+04 -0.1181E+00  0.1929E-01
  0.2080E+04 -0.1201E+00  0.1985E-01
  0.2085E+04 -0.1221E+00  0.2041E-01
  0.2090E+04 -0.1241E+00  0.2098E-01
  0.2095E+04 -0.1260E+00  0.2156E-01
  0.2100E+04 -0.1280E+00  0.2214E-01
  0.2105E+04 -0.1299E+00  0.2273E-01
  0.2110E+04 -0.1318E+00  0.2332E-01
  0.2115E+04 -0.1338E+00  0.2392E-01
  0.2120E+04 -0.1357E+00  0.2453E-01
  0.2125E+04 -0.1376E+00  0.2514E-01
  0.2130E+04 -0.1395E+00  0.2575E-01
  0.2135E+04 -0.1414E+00  0.2637E-01
  0.2140E+04 -0.1432E+00  0.2700E-01
  0.2145E+04 -0.1451E+00  0.2763E-01
  0.2150E+04 -0.1470E+00  0.2827E-01
  0.2155E+04 -0.1488E+00  0.2891E-01
  0.2160E+04 -0.1507E+00  0.2956E-01
  0.2165E+04 -0.1525E+00  0.3021E-01
  0.2170E+04 -0.1543E+00  0.3087E-01
  0.2175E+04 -0.1561E+00  0.3153E-01
  0.2180E+04 -0.1579E+00  0.3220E-01
  0.2185E+04 -0.1597E+00  0.3286E-01
  0.2190E+04 -0.1615E+00  0.3354E-01
  0.2195E+04 -0.1632E+00  0.3422E-01
  0.2200E+04 -0.1650E+00  0.3490E-01
                   
   Partial-wave = D35
   W (MeV)   < MB (nf)|T| MB (ni) > 
  0.1690E+04 -0.2300E-06  0.2884E-07
  0.1695E+04 -0.4482E-05  0.6956E-06
  0.1700E+04 -0.1441E-04  0.2821E-05
  0.1705E+04 -0.2810E-04  0.7112E-05
  0.1710E+04 -0.4225E-04  0.1432E-04
  0.1715E+04 -0.5287E-04  0.2529E-04
  0.1720E+04 -0.5559E-04  0.4097E-04
  0.1725E+04 -0.4583E-04  0.6247E-04
  0.1730E+04 -0.1896E-04  0.9105E-04
  0.1735E+04  0.2965E-04  0.1282E-03
  0.1740E+04  0.1045E-03  0.1756E-03
  0.1745E+04  0.2102E-03  0.2351E-03
  0.1750E+04  0.3508E-03  0.3091E-03
  0.1755E+04  0.5306E-03  0.4000E-03
  0.1760E+04  0.7534E-03  0.5109E-03
  0.1765E+04  0.1023E-02  0.6450E-03
  0.1770E+04  0.1342E-02  0.8061E-03
  0.1775E+04  0.1715E-02  0.9985E-03
  0.1780E+04  0.2144E-02  0.1227E-02
  0.1785E+04  0.2630E-02  0.1497E-02
  0.1790E+04  0.3177E-02  0.1814E-02
  0.1795E+04  0.3784E-02  0.2184E-02
  0.1800E+04  0.4453E-02  0.2616E-02
  0.1805E+04  0.5182E-02  0.3115E-02
  0.1810E+04  0.5970E-02  0.3691E-02
  0.1815E+04  0.6815E-02  0.4352E-02
  0.1820E+04  0.7713E-02  0.5107E-02
  0.1825E+04  0.8657E-02  0.5965E-02
  0.1830E+04  0.9642E-02  0.6935E-02
  0.1835E+04  0.1066E-01  0.8026E-02
  0.1840E+04  0.1169E-01  0.9246E-02
  0.1845E+04  0.1274E-01  0.1060E-01
  0.1850E+04  0.1378E-01  0.1210E-01
  0.1855E+04  0.1479E-01  0.1374E-01
  0.1860E+04  0.1577E-01  0.1553E-01
  0.1865E+04  0.1669E-01  0.1747E-01
  0.1870E+04  0.1754E-01  0.1955E-01
  0.1875E+04  0.1830E-01  0.2177E-01
  0.1880E+04  0.1895E-01  0.2412E-01
  0.1885E+04  0.1947E-01  0.2659E-01
  0.1890E+04  0.1986E-01  0.2916E-01
  0.1895E+04  0.2009E-01  0.3182E-01
  0.1900E+04  0.2016E-01  0.3456E-01
  0.1905E+04  0.2006E-01  0.3736E-01
  0.1910E+04  0.1978E-01  0.4020E-01
  0.1915E+04  0.1932E-01  0.4305E-01
  0.1920E+04  0.1867E-01  0.4591E-01
  0.1925E+04  0.1785E-01  0.4875E-01
  0.1930E+04  0.1684E-01  0.5156E-01
  0.1935E+04  0.1565E-01  0.5432E-01
  0.1940E+04  0.1430E-01  0.5700E-01
  0.1945E+04  0.1279E-01  0.5959E-01
  0.1950E+04  0.1113E-01  0.6208E-01
  0.1955E+04  0.9326E-02  0.6445E-01
  0.1960E+04  0.7405E-02  0.6670E-01
  0.1965E+04  0.5379E-02  0.6881E-01
  0.1970E+04  0.3263E-02  0.7077E-01
  0.1975E+04  0.1075E-02  0.7258E-01
  0.1980E+04 -0.1167E-02  0.7424E-01
  0.1985E+04 -0.3448E-02  0.7575E-01
  0.1990E+04 -0.5750E-02  0.7712E-01
  0.1995E+04 -0.8061E-02  0.7834E-01
  0.2000E+04 -0.1037E-01  0.7943E-01
  0.2005E+04 -0.1266E-01  0.8039E-01
  0.2010E+04 -0.1492E-01  0.8124E-01
  0.2015E+04 -0.1715E-01  0.8198E-01
  0.2020E+04 -0.1935E-01  0.8261E-01
  0.2025E+04 -0.2150E-01  0.8316E-01
  0.2030E+04 -0.2361E-01  0.8363E-01
  0.2035E+04 -0.2568E-01  0.8403E-01
  0.2040E+04 -0.2770E-01  0.8436E-01
  0.2045E+04 -0.2968E-01  0.8464E-01
  0.2050E+04 -0.3161E-01  0.8487E-01
  0.2055E+04 -0.3351E-01  0.8505E-01
  0.2060E+04 -0.3537E-01  0.8519E-01
  0.2065E+04 -0.3719E-01  0.8529E-01
  0.2070E+04 -0.3898E-01  0.8535E-01
  0.2075E+04 -0.4074E-01  0.8538E-01
  0.2080E+04 -0.4247E-01  0.8538E-01
  0.2085E+04 -0.4417E-01  0.8534E-01
  0.2090E+04 -0.4585E-01  0.8527E-01
  0.2095E+04 -0.4750E-01  0.8516E-01
  0.2100E+04 -0.4912E-01  0.8502E-01
  0.2105E+04 -0.5072E-01  0.8485E-01
  0.2110E+04 -0.5229E-01  0.8464E-01
  0.2115E+04 -0.5382E-01  0.8440E-01
  0.2120E+04 -0.5533E-01  0.8413E-01
  0.2125E+04 -0.5680E-01  0.8382E-01
  0.2130E+04 -0.5823E-01  0.8348E-01
  0.2135E+04 -0.5961E-01  0.8312E-01
  0.2140E+04 -0.6096E-01  0.8273E-01
  0.2145E+04 -0.6225E-01  0.8232E-01
  0.2150E+04 -0.6350E-01  0.8189E-01
  0.2155E+04 -0.6470E-01  0.8146E-01
  0.2160E+04 -0.6585E-01  0.8102E-01
  0.2165E+04 -0.6695E-01  0.8057E-01
  0.2170E+04 -0.6800E-01  0.8014E-01
  0.2175E+04 -0.6901E-01  0.7971E-01
  0.2180E+04 -0.6997E-01  0.7930E-01
  0.2185E+04 -0.7089E-01  0.7890E-01
  0.2190E+04 -0.7177E-01  0.7853E-01
  0.2195E+04 -0.7262E-01  0.7818E-01
  0.2200E+04 -0.7344E-01  0.7786E-01
                   
   Partial-wave = F15
   W (MeV)   < MB (nf)|T| MB (ni) > 
  0.1690E+04  0.4429E-08  0.2108E-09
  0.1695E+04  0.3441E-06  0.1611E-07
  0.1700E+04  0.2200E-05  0.1009E-06
  0.1705E+04  0.7222E-05  0.3234E-06
  0.1710E+04  0.1728E-04  0.7538E-06
  0.1715E+04  0.3437E-04  0.1458E-05
  0.1720E+04  0.6053E-04  0.2495E-05
  0.1725E+04  0.9780E-04  0.3916E-05
  0.1730E+04  0.1482E-03  0.5766E-05
  0.1735E+04  0.2138E-03  0.8082E-05
  0.1740E+04  0.2965E-03  0.1090E-04
  0.1745E+04  0.3982E-03  0.1424E-04
  0.1750E+04  0.5206E-03  0.1814E-04
  0.1755E+04  0.6656E-03  0.2263E-04
  0.1760E+04  0.8347E-03  0.2772E-04
  0.1765E+04  0.1030E-02  0.3346E-04
  0.1770E+04  0.1252E-02  0.3989E-04
  0.1775E+04  0.1502E-02  0.4703E-04
  0.1780E+04  0.1783E-02  0.5495E-04
  0.1785E+04  0.2095E-02  0.6369E-04
  0.1790E+04  0.2439E-02  0.7334E-04
  0.1795E+04  0.2817E-02  0.8396E-04
  0.1800E+04  0.3229E-02  0.9565E-04
  0.1805E+04  0.3677E-02  0.1085E-03
  0.1810E+04  0.4161E-02  0.1226E-03
  0.1815E+04  0.4682E-02  0.1381E-03
  0.1820E+04  0.5241E-02  0.1552E-03
  0.1825E+04  0.5839E-02  0.1738E-03
  0.1830E+04  0.6476E-02  0.1944E-03
  0.1835E+04  0.7153E-02  0.2169E-03
  0.1840E+04  0.7871E-02  0.2415E-03
  0.1845E+04  0.8630E-02  0.2685E-03
  0.1850E+04  0.9430E-02  0.2981E-03
  0.1855E+04  0.1027E-01  0.3304E-03
  0.1860E+04  0.1116E-01  0.3657E-03
  0.1865E+04  0.1208E-01  0.4043E-03
  0.1870E+04  0.1305E-01  0.4464E-03
  0.1875E+04  0.1406E-01  0.4923E-03
  0.1880E+04  0.1512E-01  0.5423E-03
  0.1885E+04  0.1622E-01  0.5966E-03
  0.1890E+04  0.1736E-01  0.6556E-03
  0.1895E+04  0.1855E-01  0.7196E-03
  0.1900E+04  0.1978E-01  0.7889E-03
  0.1905E+04  0.2106E-01  0.8640E-03
  0.1910E+04  0.2237E-01  0.9450E-03
  0.1915E+04  0.2373E-01  0.1032E-02
  0.1920E+04  0.2514E-01  0.1126E-02
  0.1925E+04  0.2658E-01  0.1228E-02
  0.1930E+04  0.2807E-01  0.1336E-02
  0.1935E+04  0.2961E-01  0.1453E-02
  0.1940E+04  0.3118E-01  0.1577E-02
  0.1945E+04  0.3280E-01  0.1710E-02
  0.1950E+04  0.3446E-01  0.1851E-02
  0.1955E+04  0.3616E-01  0.2002E-02
  0.1960E+04  0.3790E-01  0.2163E-02
  0.1965E+04  0.3968E-01  0.2333E-02
  0.1970E+04  0.4150E-01  0.2513E-02
  0.1975E+04  0.4337E-01  0.2704E-02
  0.1980E+04  0.4527E-01  0.2907E-02
  0.1985E+04  0.4721E-01  0.3120E-02
  0.1990E+04  0.4919E-01  0.3346E-02
  0.1995E+04  0.5121E-01  0.3584E-02
  0.2000E+04  0.5327E-01  0.3834E-02
  0.2005E+04  0.5536E-01  0.4098E-02
  0.2010E+04  0.5749E-01  0.4376E-02
  0.2015E+04  0.5966E-01  0.4668E-02
  0.2020E+04  0.6187E-01  0.4974E-02
  0.2025E+04  0.6411E-01  0.5296E-02
  0.2030E+04  0.6638E-01  0.5633E-02
  0.2035E+04  0.6869E-01  0.5987E-02
  0.2040E+04  0.7103E-01  0.6358E-02
  0.2045E+04  0.7341E-01  0.6745E-02
  0.2050E+04  0.7582E-01  0.7151E-02
  0.2055E+04  0.7826E-01  0.7574E-02
  0.2060E+04  0.8073E-01  0.8016E-02
  0.2065E+04  0.8322E-01  0.8477E-02
  0.2070E+04  0.8575E-01  0.8957E-02
  0.2075E+04  0.8831E-01  0.9457E-02
  0.2080E+04  0.9089E-01  0.9977E-02
  0.2085E+04  0.9350E-01  0.1052E-01
  0.2090E+04  0.9614E-01  0.1108E-01
  0.2095E+04  0.9880E-01  0.1166E-01
  0.2100E+04  0.1015E+00  0.1226E-01
  0.2105E+04  0.1042E+00  0.1289E-01
  0.2110E+04  0.1069E+00  0.1353E-01
  0.2115E+04  0.1097E+00  0.1420E-01
  0.2120E+04  0.1125E+00  0.1489E-01
  0.2125E+04  0.1153E+00  0.1560E-01
  0.2130E+04  0.1181E+00  0.1633E-01
  0.2135E+04  0.1209E+00  0.1709E-01
  0.2140E+04  0.1237E+00  0.1787E-01
  0.2145E+04  0.1266E+00  0.1867E-01
  0.2150E+04  0.1295E+00  0.1949E-01
  0.2155E+04  0.1324E+00  0.2034E-01
  0.2160E+04  0.1353E+00  0.2122E-01
  0.2165E+04  0.1383E+00  0.2211E-01
  0.2170E+04  0.1412E+00  0.2303E-01
  0.2175E+04  0.1442E+00  0.2398E-01
  0.2180E+04  0.1471E+00  0.2495E-01
  0.2185E+04  0.1501E+00  0.2595E-01
  0.2190E+04  0.1531E+00  0.2697E-01
  0.2195E+04  0.1561E+00  0.2802E-01
  0.2200E+04  0.1591E+00  0.2909E-01
                   
   Partial-wave = F17
   W (MeV)   < MB (nf)|T| MB (ni) > 
  0.1690E+04  0.1048E-08  0.3891E-10
  0.1695E+04  0.8199E-07  0.3021E-08
  0.1700E+04  0.5275E-06  0.1930E-07
  0.1705E+04  0.1742E-05  0.6323E-07
  0.1710E+04  0.4191E-05  0.1509E-06
  0.1715E+04  0.8378E-05  0.2991E-06
  0.1720E+04  0.1482E-04  0.5244E-06
  0.1725E+04  0.2406E-04  0.8430E-06
  0.1730E+04  0.3663E-04  0.1270E-05
  0.1735E+04  0.5304E-04  0.1820E-05
  0.1740E+04  0.7382E-04  0.2507E-05
  0.1745E+04  0.9947E-04  0.3342E-05
  0.1750E+04  0.1305E-03  0.4338E-05
  0.1755E+04  0.1673E-03  0.5507E-05
  0.1760E+04  0.2104E-03  0.6861E-05
  0.1765E+04  0.2603E-03  0.8412E-05
  0.1770E+04  0.3172E-03  0.1017E-04
  0.1775E+04  0.3816E-03  0.1216E-04
  0.1780E+04  0.4539E-03  0.1439E-04
  0.1785E+04  0.5344E-03  0.1688E-04
  0.1790E+04  0.6234E-03  0.1965E-04
  0.1795E+04  0.7213E-03  0.2273E-04
  0.1800E+04  0.8283E-03  0.2615E-04
  0.1805E+04  0.9447E-03  0.2992E-04
  0.1810E+04  0.1071E-02  0.3409E-04
  0.1815E+04  0.1207E-02  0.3869E-04
  0.1820E+04  0.1353E-02  0.4375E-04
  0.1825E+04  0.1509E-02  0.4933E-04
  0.1830E+04  0.1675E-02  0.5545E-04
  0.1835E+04  0.1853E-02  0.6217E-04
  0.1840E+04  0.2041E-02  0.6952E-04
  0.1845E+04  0.2240E-02  0.7757E-04
  0.1850E+04  0.2450E-02  0.8635E-04
  0.1855E+04  0.2671E-02  0.9592E-04
  0.1860E+04  0.2903E-02  0.1063E-03
  0.1865E+04  0.3147E-02  0.1176E-03
  0.1870E+04  0.3402E-02  0.1298E-03
  0.1875E+04  0.3668E-02  0.1431E-03
  0.1880E+04  0.3946E-02  0.1573E-03
  0.1885E+04  0.4235E-02  0.1727E-03
  0.1890E+04  0.4536E-02  0.1891E-03
  0.1895E+04  0.4848E-02  0.2068E-03
  0.1900E+04  0.5171E-02  0.2257E-03
  0.1905E+04  0.5506E-02  0.2459E-03
  0.1910E+04  0.5852E-02  0.2674E-03
  0.1915E+04  0.6209E-02  0.2902E-03
  0.1920E+04  0.6578E-02  0.3145E-03
  0.1925E+04  0.6958E-02  0.3402E-03
  0.1930E+04  0.7349E-02  0.3674E-03
  0.1935E+04  0.7751E-02  0.3962E-03
  0.1940E+04  0.8164E-02  0.4264E-03
  0.1945E+04  0.8587E-02  0.4583E-03
  0.1950E+04  0.9022E-02  0.4919E-03
  0.1955E+04  0.9466E-02  0.5270E-03
  0.1960E+04  0.9922E-02  0.5639E-03
  0.1965E+04  0.1039E-01  0.6025E-03
  0.1970E+04  0.1086E-01  0.6428E-03
  0.1975E+04  0.1135E-01  0.6849E-03
  0.1980E+04  0.1185E-01  0.7288E-03
  0.1985E+04  0.1235E-01  0.7745E-03
  0.1990E+04  0.1287E-01  0.8221E-03
  0.1995E+04  0.1340E-01  0.8716E-03
  0.2000E+04  0.1393E-01  0.9229E-03
  0.2005E+04  0.1448E-01  0.9763E-03
  0.2010E+04  0.1503E-01  0.1032E-02
  0.2015E+04  0.1559E-01  0.1089E-02
  0.2020E+04  0.1616E-01  0.1148E-02
  0.2025E+04  0.1674E-01  0.1210E-02
  0.2030E+04  0.1733E-01  0.1274E-02
  0.2035E+04  0.1793E-01  0.1340E-02
  0.2040E+04  0.1854E-01  0.1408E-02
  0.2045E+04  0.1916E-01  0.1479E-02
  0.2050E+04  0.1978E-01  0.1552E-02
  0.2055E+04  0.2041E-01  0.1627E-02
  0.2060E+04  0.2105E-01  0.1705E-02
  0.2065E+04  0.2169E-01  0.1785E-02
  0.2070E+04  0.2235E-01  0.1868E-02
  0.2075E+04  0.2301E-01  0.1953E-02
  0.2080E+04  0.2368E-01  0.2041E-02
  0.2085E+04  0.2435E-01  0.2130E-02
  0.2090E+04  0.2503E-01  0.2222E-02
  0.2095E+04  0.2571E-01  0.2317E-02
  0.2100E+04  0.2641E-01  0.2413E-02
  0.2105E+04  0.2710E-01  0.2511E-02
  0.2110E+04  0.2780E-01  0.2611E-02
  0.2115E+04  0.2851E-01  0.2712E-02
  0.2120E+04  0.2923E-01  0.2815E-02
  0.2125E+04  0.2995E-01  0.2919E-02
  0.2130E+04  0.3067E-01  0.3024E-02
  0.2135E+04  0.3140E-01  0.3129E-02
  0.2140E+04  0.3213E-01  0.3236E-02
  0.2145E+04  0.3287E-01  0.3343E-02
  0.2150E+04  0.3361E-01  0.3451E-02
  0.2155E+04  0.3436E-01  0.3558E-02
  0.2160E+04  0.3512E-01  0.3666E-02
  0.2165E+04  0.3588E-01  0.3774E-02
  0.2170E+04  0.3664E-01  0.3883E-02
  0.2175E+04  0.3741E-01  0.3991E-02
  0.2180E+04  0.3819E-01  0.4100E-02
  0.2185E+04  0.3897E-01  0.4209E-02
  0.2190E+04  0.3976E-01  0.4318E-02
  0.2195E+04  0.4055E-01  0.4428E-02
  0.2200E+04  0.4135E-01  0.4539E-02
                   
   Partial-wave = F35
   W (MeV)   < MB (nf)|T| MB (ni) > 
  0.1690E+04 -0.2870E-08  0.3075E-10
  0.1695E+04 -0.2222E-06  0.2717E-08
  0.1700E+04 -0.1415E-05  0.1975E-07
  0.1705E+04 -0.4626E-05  0.7360E-07
  0.1710E+04 -0.1102E-04  0.1996E-06
  0.1715E+04 -0.2182E-04  0.4484E-06
  0.1720E+04 -0.3826E-04  0.8888E-06
  0.1725E+04 -0.6154E-04  0.1609E-05
  0.1730E+04 -0.9285E-04  0.2719E-05
  0.1735E+04 -0.1333E-03  0.4347E-05
  0.1740E+04 -0.1841E-03  0.6641E-05
  0.1745E+04 -0.2462E-03  0.9766E-05
  0.1750E+04 -0.3206E-03  0.1390E-04
  0.1755E+04 -0.4084E-03  0.1922E-04
  0.1760E+04 -0.5104E-03  0.2591E-04
  0.1765E+04 -0.6274E-03  0.3417E-04
  0.1770E+04 -0.7604E-03  0.4417E-04
  0.1775E+04 -0.9102E-03  0.5606E-04
  0.1780E+04 -0.1077E-02  0.7001E-04
  0.1785E+04 -0.1263E-02  0.8613E-04
  0.1790E+04 -0.1467E-02  0.1045E-03
  0.1795E+04 -0.1691E-02  0.1252E-03
  0.1800E+04 -0.1935E-02  0.1482E-03
  0.1805E+04 -0.2199E-02  0.1736E-03
  0.1810E+04 -0.2484E-02  0.2012E-03
  0.1815E+04 -0.2791E-02  0.2310E-03
  0.1820E+04 -0.3119E-02  0.2628E-03
  0.1825E+04 -0.3468E-02  0.2965E-03
  0.1830E+04 -0.3840E-02  0.3321E-03
  0.1835E+04 -0.4233E-02  0.3693E-03
  0.1840E+04 -0.4648E-02  0.4081E-03
  0.1845E+04 -0.5084E-02  0.4485E-03
  0.1850E+04 -0.5542E-02  0.4904E-03
  0.1855E+04 -0.6021E-02  0.5338E-03
  0.1860E+04 -0.6521E-02  0.5788E-03
  0.1865E+04 -0.7041E-02  0.6254E-03
  0.1870E+04 -0.7582E-02  0.6736E-03
  0.1875E+04 -0.8142E-02  0.7237E-03
  0.1880E+04 -0.8723E-02  0.7757E-03
  0.1885E+04 -0.9323E-02  0.8298E-03
  0.1890E+04 -0.9942E-02  0.8861E-03
  0.1895E+04 -0.1058E-01  0.9447E-03
  0.1900E+04 -0.1124E-01  0.1006E-02
  0.1905E+04 -0.1191E-01  0.1070E-02
  0.1910E+04 -0.1260E-01  0.1136E-02
  0.1915E+04 -0.1331E-01  0.1206E-02
  0.1920E+04 -0.1404E-01  0.1278E-02
  0.1925E+04 -0.1478E-01  0.1354E-02
  0.1930E+04 -0.1554E-01  0.1433E-02
  0.1935E+04 -0.1632E-01  0.1515E-02
  0.1940E+04 -0.1711E-01  0.1601E-02
  0.1945E+04 -0.1792E-01  0.1690E-02
  0.1950E+04 -0.1874E-01  0.1783E-02
  0.1955E+04 -0.1958E-01  0.1880E-02
  0.1960E+04 -0.2043E-01  0.1980E-02
  0.1965E+04 -0.2130E-01  0.2084E-02
  0.1970E+04 -0.2218E-01  0.2191E-02
  0.1975E+04 -0.2308E-01  0.2303E-02
  0.1980E+04 -0.2398E-01  0.2419E-02
  0.1985E+04 -0.2490E-01  0.2538E-02
  0.1990E+04 -0.2583E-01  0.2661E-02
  0.1995E+04 -0.2678E-01  0.2789E-02
  0.2000E+04 -0.2773E-01  0.2920E-02
  0.2005E+04 -0.2870E-01  0.3056E-02
  0.2010E+04 -0.2967E-01  0.3195E-02
  0.2015E+04 -0.3066E-01  0.3339E-02
  0.2020E+04 -0.3166E-01  0.3487E-02
  0.2025E+04 -0.3266E-01  0.3639E-02
  0.2030E+04 -0.3367E-01  0.3795E-02
  0.2035E+04 -0.3469E-01  0.3955E-02
  0.2040E+04 -0.3572E-01  0.4120E-02
  0.2045E+04 -0.3676E-01  0.4289E-02
  0.2050E+04 -0.3780E-01  0.4462E-02
  0.2055E+04 -0.3885E-01  0.4640E-02
  0.2060E+04 -0.3991E-01  0.4822E-02
  0.2065E+04 -0.4097E-01  0.5009E-02
  0.2070E+04 -0.4203E-01  0.5201E-02
  0.2075E+04 -0.4310E-01  0.5398E-02
  0.2080E+04 -0.4417E-01  0.5601E-02
  0.2085E+04 -0.4524E-01  0.5810E-02
  0.2090E+04 -0.4632E-01  0.6024E-02
  0.2095E+04 -0.4740E-01  0.6245E-02
  0.2100E+04 -0.4848E-01  0.6474E-02
  0.2105E+04 -0.4956E-01  0.6709E-02
  0.2110E+04 -0.5064E-01  0.6952E-02
  0.2115E+04 -0.5172E-01  0.7204E-02
  0.2120E+04 -0.5280E-01  0.7464E-02
  0.2125E+04 -0.5388E-01  0.7733E-02
  0.2130E+04 -0.5497E-01  0.8012E-02
  0.2135E+04 -0.5605E-01  0.8301E-02
  0.2140E+04 -0.5713E-01  0.8600E-02
  0.2145E+04 -0.5822E-01  0.8911E-02
  0.2150E+04 -0.5930E-01  0.9232E-02
  0.2155E+04 -0.6038E-01  0.9565E-02
  0.2160E+04 -0.6147E-01  0.9910E-02
  0.2165E+04 -0.6255E-01  0.1027E-01
  0.2170E+04 -0.6364E-01  0.1064E-01
  0.2175E+04 -0.6473E-01  0.1102E-01
  0.2180E+04 -0.6582E-01  0.1141E-01
  0.2185E+04 -0.6691E-01  0.1181E-01
  0.2190E+04 -0.6800E-01  0.1223E-01
  0.2195E+04 -0.6910E-01  0.1265E-01
  0.2200E+04 -0.7020E-01  0.1309E-01
                   
   Partial-wave = F37
   W (MeV)   < MB (nf)|T| MB (ni) > 
  0.1690E+04 -0.2833E-09  0.1754E-10
  0.1695E+04 -0.2283E-07  0.1494E-08
  0.1700E+04 -0.1508E-06  0.1045E-07
  0.1705E+04 -0.5099E-06  0.3748E-07
  0.1710E+04 -0.1253E-05  0.9785E-07
  0.1715E+04 -0.2553E-05  0.2120E-06
  0.1720E+04 -0.4596E-05  0.4062E-06
  0.1725E+04 -0.7574E-05  0.7133E-06
  0.1730E+04 -0.1169E-04  0.1174E-05
  0.1735E+04 -0.1713E-04  0.1835E-05
  0.1740E+04 -0.2411E-04  0.2756E-05
  0.1745E+04 -0.3281E-04  0.4004E-05
  0.1750E+04 -0.4342E-04  0.5659E-05
  0.1755E+04 -0.5611E-04  0.7814E-05
  0.1760E+04 -0.7107E-04  0.1058E-04
  0.1765E+04 -0.8845E-04  0.1407E-04
  0.1770E+04 -0.1084E-03  0.1844E-04
  0.1775E+04 -0.1311E-03  0.2385E-04
  0.1780E+04 -0.1567E-03  0.3048E-04
  0.1785E+04 -0.1853E-03  0.3855E-04
  0.1790E+04 -0.2171E-03  0.4829E-04
  0.1795E+04 -0.2523E-03  0.5997E-04
  0.1800E+04 -0.2910E-03  0.7388E-04
  0.1805E+04 -0.3334E-03  0.9034E-04
  0.1810E+04 -0.3799E-03  0.1097E-03
  0.1815E+04 -0.4307E-03  0.1323E-03
  0.1820E+04 -0.4861E-03  0.1586E-03
  0.1825E+04 -0.5466E-03  0.1889E-03
  0.1830E+04 -0.6127E-03  0.2235E-03
  0.1835E+04 -0.6850E-03  0.2628E-03
  0.1840E+04 -0.7642E-03  0.3071E-03
  0.1845E+04 -0.8509E-03  0.3564E-03
  0.1850E+04 -0.9462E-03  0.4108E-03
  0.1855E+04 -0.1051E-02  0.4702E-03
  0.1860E+04 -0.1165E-02  0.5343E-03
  0.1865E+04 -0.1291E-02  0.6026E-03
  0.1870E+04 -0.1428E-02  0.6744E-03
  0.1875E+04 -0.1578E-02  0.7491E-03
  0.1880E+04 -0.1740E-02  0.8255E-03
  0.1885E+04 -0.1915E-02  0.9028E-03
  0.1890E+04 -0.2103E-02  0.9798E-03
  0.1895E+04 -0.2304E-02  0.1056E-02
  0.1900E+04 -0.2517E-02  0.1130E-02
  0.1905E+04 -0.2741E-02  0.1201E-02
  0.1910E+04 -0.2977E-02  0.1268E-02
  0.1915E+04 -0.3222E-02  0.1332E-02
  0.1920E+04 -0.3477E-02  0.1392E-02
  0.1925E+04 -0.3740E-02  0.1448E-02
  0.1930E+04 -0.4011E-02  0.1499E-02
  0.1935E+04 -0.4290E-02  0.1547E-02
  0.1940E+04 -0.4574E-02  0.1590E-02
  0.1945E+04 -0.4865E-02  0.1631E-02
  0.1950E+04 -0.5162E-02  0.1668E-02
  0.1955E+04 -0.5464E-02  0.1702E-02
  0.1960E+04 -0.5771E-02  0.1734E-02
  0.1965E+04 -0.6083E-02  0.1763E-02
  0.1970E+04 -0.6400E-02  0.1790E-02
  0.1975E+04 -0.6721E-02  0.1816E-02
  0.1980E+04 -0.7047E-02  0.1840E-02
  0.1985E+04 -0.7378E-02  0.1863E-02
  0.1990E+04 -0.7712E-02  0.1885E-02
  0.1995E+04 -0.8052E-02  0.1906E-02
  0.2000E+04 -0.8395E-02  0.1926E-02
  0.2005E+04 -0.8743E-02  0.1945E-02
  0.2010E+04 -0.9096E-02  0.1964E-02
  0.2015E+04 -0.9452E-02  0.1982E-02
  0.2020E+04 -0.9813E-02  0.1999E-02
  0.2025E+04 -0.1018E-01  0.2015E-02
  0.2030E+04 -0.1055E-01  0.2032E-02
  0.2035E+04 -0.1092E-01  0.2047E-02
  0.2040E+04 -0.1129E-01  0.2063E-02
  0.2045E+04 -0.1167E-01  0.2078E-02
  0.2050E+04 -0.1206E-01  0.2093E-02
  0.2055E+04 -0.1244E-01  0.2108E-02
  0.2060E+04 -0.1283E-01  0.2123E-02
  0.2065E+04 -0.1323E-01  0.2138E-02
  0.2070E+04 -0.1362E-01  0.2154E-02
  0.2075E+04 -0.1402E-01  0.2170E-02
  0.2080E+04 -0.1442E-01  0.2187E-02
  0.2085E+04 -0.1482E-01  0.2205E-02
  0.2090E+04 -0.1523E-01  0.2224E-02
  0.2095E+04 -0.1564E-01  0.2244E-02
  0.2100E+04 -0.1606E-01  0.2265E-02
  0.2105E+04 -0.1647E-01  0.2288E-02
  0.2110E+04 -0.1689E-01  0.2312E-02
  0.2115E+04 -0.1732E-01  0.2338E-02
  0.2120E+04 -0.1774E-01  0.2366E-02
  0.2125E+04 -0.1817E-01  0.2395E-02
  0.2130E+04 -0.1861E-01  0.2426E-02
  0.2135E+04 -0.1904E-01  0.2459E-02
  0.2140E+04 -0.1948E-01  0.2494E-02
  0.2145E+04 -0.1993E-01  0.2531E-02
  0.2150E+04 -0.2038E-01  0.2569E-02
  0.2155E+04 -0.2083E-01  0.2609E-02
  0.2160E+04 -0.2129E-01  0.2651E-02
  0.2165E+04 -0.2175E-01  0.2694E-02
  0.2170E+04 -0.2221E-01  0.2738E-02
  0.2175E+04 -0.2268E-01  0.2783E-02
  0.2180E+04 -0.2316E-01  0.2829E-02
  0.2185E+04 -0.2364E-01  0.2876E-02
  0.2190E+04 -0.2412E-01  0.2923E-02
  0.2195E+04 -0.2461E-01  0.2970E-02
  0.2200E+04 -0.2510E-01  0.3017E-02
                   
   Partial-wave = G17
   W (MeV)   < MB (nf)|T| MB (ni) > 
  0.1690E+04  0.9471E-11  0.3645E-12
  0.1695E+04  0.2566E-08  0.9713E-10
  0.1700E+04  0.2794E-07  0.1041E-08
  0.1705E+04  0.1291E-06  0.4722E-08
  0.1710E+04  0.3970E-06  0.1423E-07
  0.1715E+04  0.9623E-06  0.3376E-07
  0.1720E+04  0.1994E-05  0.6836E-07
  0.1725E+04  0.3699E-05  0.1238E-06
  0.1730E+04  0.6319E-05  0.2061E-06
  0.1735E+04  0.1013E-04  0.3217E-06
  0.1740E+04  0.1542E-04  0.4772E-06
  0.1745E+04  0.2253E-04  0.6789E-06
  0.1750E+04  0.3181E-04  0.9333E-06
  0.1755E+04  0.4363E-04  0.1247E-05
  0.1760E+04  0.5837E-04  0.1625E-05
  0.1765E+04  0.7643E-04  0.2076E-05
  0.1770E+04  0.9823E-04  0.2604E-05
  0.1775E+04  0.1242E-03  0.3217E-05
  0.1780E+04  0.1547E-03  0.3923E-05
  0.1785E+04  0.1903E-03  0.4727E-05
  0.1790E+04  0.2314E-03  0.5638E-05
  0.1795E+04  0.2784E-03  0.6665E-05
  0.1800E+04  0.3317E-03  0.7817E-05
  0.1805E+04  0.3919E-03  0.9102E-05
  0.1810E+04  0.4593E-03  0.1053E-04
  0.1815E+04  0.5344E-03  0.1212E-04
  0.1820E+04  0.6177E-03  0.1387E-04
  0.1825E+04  0.7096E-03  0.1579E-04
  0.1830E+04  0.8105E-03  0.1791E-04
  0.1835E+04  0.9208E-03  0.2023E-04
  0.1840E+04  0.1041E-02  0.2276E-04
  0.1845E+04  0.1172E-02  0.2551E-04
  0.1850E+04  0.1313E-02  0.2851E-04
  0.1855E+04  0.1465E-02  0.3176E-04
  0.1860E+04  0.1629E-02  0.3528E-04
  0.1865E+04  0.1805E-02  0.3907E-04
  0.1870E+04  0.1993E-02  0.4316E-04
  0.1875E+04  0.2193E-02  0.4757E-04
  0.1880E+04  0.2407E-02  0.5230E-04
  0.1885E+04  0.2634E-02  0.5737E-04
  0.1890E+04  0.2874E-02  0.6281E-04
  0.1895E+04  0.3129E-02  0.6863E-04
  0.1900E+04  0.3398E-02  0.7485E-04
  0.1905E+04  0.3682E-02  0.8151E-04
  0.1910E+04  0.3980E-02  0.8862E-04
  0.1915E+04  0.4294E-02  0.9620E-04
  0.1920E+04  0.4623E-02  0.1043E-03
  0.1925E+04  0.4968E-02  0.1129E-03
  0.1930E+04  0.5329E-02  0.1222E-03
  0.1935E+04  0.5707E-02  0.1320E-03
  0.1940E+04  0.6100E-02  0.1425E-03
  0.1945E+04  0.6511E-02  0.1537E-03
  0.1950E+04  0.6938E-02  0.1657E-03
  0.1955E+04  0.7383E-02  0.1785E-03
  0.1960E+04  0.7845E-02  0.1921E-03
  0.1965E+04  0.8324E-02  0.2067E-03
  0.1970E+04  0.8821E-02  0.2222E-03
  0.1975E+04  0.9336E-02  0.2388E-03
  0.1980E+04  0.9869E-02  0.2566E-03
  0.1985E+04  0.1042E-01  0.2755E-03
  0.1990E+04  0.1099E-01  0.2958E-03
  0.1995E+04  0.1158E-01  0.3174E-03
  0.2000E+04  0.1218E-01  0.3406E-03
  0.2005E+04  0.1281E-01  0.3653E-03
  0.2010E+04  0.1345E-01  0.3917E-03
  0.2015E+04  0.1412E-01  0.4198E-03
  0.2020E+04  0.1480E-01  0.4499E-03
  0.2025E+04  0.1550E-01  0.4820E-03
  0.2030E+04  0.1622E-01  0.5163E-03
  0.2035E+04  0.1696E-01  0.5529E-03
  0.2040E+04  0.1772E-01  0.5918E-03
  0.2045E+04  0.1849E-01  0.6333E-03
  0.2050E+04  0.1929E-01  0.6774E-03
  0.2055E+04  0.2011E-01  0.7242E-03
  0.2060E+04  0.2094E-01  0.7740E-03
  0.2065E+04  0.2180E-01  0.8268E-03
  0.2070E+04  0.2267E-01  0.8828E-03
  0.2075E+04  0.2356E-01  0.9420E-03
  0.2080E+04  0.2447E-01  0.1004E-02
  0.2085E+04  0.2540E-01  0.1071E-02
  0.2090E+04  0.2635E-01  0.1140E-02
  0.2095E+04  0.2732E-01  0.1213E-02
  0.2100E+04  0.2831E-01  0.1290E-02
  0.2105E+04  0.2931E-01  0.1371E-02
  0.2110E+04  0.3034E-01  0.1456E-02
  0.2115E+04  0.3138E-01  0.1545E-02
  0.2120E+04  0.3244E-01  0.1638E-02
  0.2125E+04  0.3352E-01  0.1734E-02
  0.2130E+04  0.3461E-01  0.1836E-02
  0.2135E+04  0.3572E-01  0.1941E-02
  0.2140E+04  0.3686E-01  0.2051E-02
  0.2145E+04  0.3801E-01  0.2165E-02
  0.2150E+04  0.3918E-01  0.2283E-02
  0.2155E+04  0.4036E-01  0.2406E-02
  0.2160E+04  0.4156E-01  0.2534E-02
  0.2165E+04  0.4279E-01  0.2666E-02
  0.2170E+04  0.4402E-01  0.2803E-02
  0.2175E+04  0.4528E-01  0.2945E-02
  0.2180E+04  0.4655E-01  0.3093E-02
  0.2185E+04  0.4784E-01  0.3245E-02
  0.2190E+04  0.4915E-01  0.3403E-02
  0.2195E+04  0.5048E-01  0.3566E-02
  0.2200E+04  0.5182E-01  0.3735E-02
                   
   Partial-wave = G19
   W (MeV)   < MB (nf)|T| MB (ni) > 
  0.1690E+04  0.2859E-11  0.1065E-12
  0.1695E+04  0.7753E-09  0.2860E-10
  0.1700E+04  0.8402E-08  0.3086E-09
  0.1705E+04  0.3863E-07  0.1409E-08
  0.1710E+04  0.1183E-06  0.4271E-08
  0.1715E+04  0.2855E-06  0.1018E-07
  0.1720E+04  0.5892E-06  0.2073E-07
  0.1725E+04  0.1089E-05  0.3770E-07
  0.1730E+04  0.1853E-05  0.6308E-07
  0.1735E+04  0.2958E-05  0.9893E-07
  0.1740E+04  0.4489E-05  0.1474E-06
  0.1745E+04  0.6538E-05  0.2108E-06
  0.1750E+04  0.9201E-05  0.2913E-06
  0.1755E+04  0.1258E-04  0.3913E-06
  0.1760E+04  0.1678E-04  0.5134E-06
  0.1765E+04  0.2191E-04  0.6601E-06
  0.1770E+04  0.2809E-04  0.8344E-06
  0.1775E+04  0.3542E-04  0.1039E-05
  0.1780E+04  0.4402E-04  0.1279E-05
  0.1785E+04  0.5402E-04  0.1557E-05
  0.1790E+04  0.6552E-04  0.1877E-05
  0.1795E+04  0.7865E-04  0.2244E-05
  0.1800E+04  0.9353E-04  0.2665E-05
  0.1805E+04  0.1103E-03  0.3144E-05
  0.1810E+04  0.1290E-03  0.3688E-05
  0.1815E+04  0.1499E-03  0.4304E-05
  0.1820E+04  0.1729E-03  0.4999E-05
  0.1825E+04  0.1983E-03  0.5781E-05
  0.1830E+04  0.2262E-03  0.6660E-05
  0.1835E+04  0.2566E-03  0.7642E-05
  0.1840E+04  0.2897E-03  0.8739E-05
  0.1845E+04  0.3257E-03  0.9960E-05
  0.1850E+04  0.3645E-03  0.1131E-04
  0.1855E+04  0.4063E-03  0.1282E-04
  0.1860E+04  0.4513E-03  0.1447E-04
  0.1865E+04  0.4995E-03  0.1630E-04
  0.1870E+04  0.5511E-03  0.1831E-04
  0.1875E+04  0.6060E-03  0.2051E-04
  0.1880E+04  0.6645E-03  0.2292E-04
  0.1885E+04  0.7267E-03  0.2555E-04
  0.1890E+04  0.7925E-03  0.2842E-04
  0.1895E+04  0.8621E-03  0.3155E-04
  0.1900E+04  0.9357E-03  0.3495E-04
  0.1905E+04  0.1013E-02  0.3864E-04
  0.1910E+04  0.1095E-02  0.4264E-04
  0.1915E+04  0.1180E-02  0.4697E-04
  0.1920E+04  0.1270E-02  0.5166E-04
  0.1925E+04  0.1364E-02  0.5672E-04
  0.1930E+04  0.1463E-02  0.6219E-04
  0.1935E+04  0.1566E-02  0.6808E-04
  0.1940E+04  0.1673E-02  0.7444E-04
  0.1945E+04  0.1785E-02  0.8128E-04
  0.1950E+04  0.1901E-02  0.8864E-04
  0.1955E+04  0.2022E-02  0.9655E-04
  0.1960E+04  0.2148E-02  0.1051E-03
  0.1965E+04  0.2278E-02  0.1142E-03
  0.1970E+04  0.2413E-02  0.1239E-03
  0.1975E+04  0.2553E-02  0.1344E-03
  0.1980E+04  0.2697E-02  0.1456E-03
  0.1985E+04  0.2847E-02  0.1577E-03
  0.1990E+04  0.3001E-02  0.1705E-03
  0.1995E+04  0.3160E-02  0.1842E-03
  0.2000E+04  0.3324E-02  0.1988E-03
  0.2005E+04  0.3493E-02  0.2145E-03
  0.2010E+04  0.3667E-02  0.2312E-03
  0.2015E+04  0.3845E-02  0.2489E-03
  0.2020E+04  0.4029E-02  0.2679E-03
  0.2025E+04  0.4217E-02  0.2881E-03
  0.2030E+04  0.4411E-02  0.3096E-03
  0.2035E+04  0.4609E-02  0.3324E-03
  0.2040E+04  0.4812E-02  0.3567E-03
  0.2045E+04  0.5019E-02  0.3825E-03
  0.2050E+04  0.5232E-02  0.4099E-03
  0.2055E+04  0.5449E-02  0.4390E-03
  0.2060E+04  0.5670E-02  0.4698E-03
  0.2065E+04  0.5896E-02  0.5023E-03
  0.2070E+04  0.6126E-02  0.5366E-03
  0.2075E+04  0.6360E-02  0.5728E-03
  0.2080E+04  0.6598E-02  0.6108E-03
  0.2085E+04  0.6840E-02  0.6506E-03
  0.2090E+04  0.7085E-02  0.6922E-03
  0.2095E+04  0.7334E-02  0.7355E-03
  0.2100E+04  0.7586E-02  0.7804E-03
  0.2105E+04  0.7841E-02  0.8268E-03
  0.2110E+04  0.8099E-02  0.8745E-03
  0.2115E+04  0.8360E-02  0.9234E-03
  0.2120E+04  0.8624E-02  0.9733E-03
  0.2125E+04  0.8890E-02  0.1024E-02
  0.2130E+04  0.9159E-02  0.1075E-02
  0.2135E+04  0.9431E-02  0.1127E-02
  0.2140E+04  0.9706E-02  0.1179E-02
  0.2145E+04  0.9983E-02  0.1230E-02
  0.2150E+04  0.1026E-01  0.1282E-02
  0.2155E+04  0.1055E-01  0.1333E-02
  0.2160E+04  0.1083E-01  0.1384E-02
  0.2165E+04  0.1112E-01  0.1434E-02
  0.2170E+04  0.1142E-01  0.1484E-02
  0.2175E+04  0.1171E-01  0.1533E-02
  0.2180E+04  0.1201E-01  0.1582E-02
  0.2185E+04  0.1232E-01  0.1630E-02
  0.2190E+04  0.1263E-01  0.1678E-02
  0.2195E+04  0.1294E-01  0.1725E-02
  0.2200E+04  0.1326E-01  0.1773E-02
                   
   Partial-wave = G37
   W (MeV)   < MB (nf)|T| MB (ni) > 
  0.1690E+04 -0.6561E-11  0.2227E-13
  0.1695E+04 -0.1777E-08  0.6133E-11
  0.1700E+04 -0.1933E-07  0.6803E-10
  0.1705E+04 -0.8919E-07  0.3200E-09
  0.1710E+04 -0.2740E-06  0.1002E-08
  0.1715E+04 -0.6635E-06  0.2470E-08
  0.1720E+04 -0.1374E-05  0.5208E-08
  0.1725E+04 -0.2546E-05  0.9824E-08
  0.1730E+04 -0.4344E-05  0.1706E-07
  0.1735E+04 -0.6953E-05  0.2780E-07
  0.1740E+04 -0.1058E-04  0.4303E-07
  0.1745E+04 -0.1544E-04  0.6392E-07
  0.1750E+04 -0.2178E-04  0.9173E-07
  0.1755E+04 -0.2984E-04  0.1279E-06
  0.1760E+04 -0.3987E-04  0.1739E-06
  0.1765E+04 -0.5215E-04  0.2316E-06
  0.1770E+04 -0.6696E-04  0.3027E-06
  0.1775E+04 -0.8456E-04  0.3894E-06
  0.1780E+04 -0.1052E-03  0.4937E-06
  0.1785E+04 -0.1293E-03  0.6182E-06
  0.1790E+04 -0.1570E-03  0.7653E-06
  0.1795E+04 -0.1886E-03  0.9379E-06
  0.1800E+04 -0.2244E-03  0.1139E-05
  0.1805E+04 -0.2647E-03  0.1372E-05
  0.1810E+04 -0.3098E-03  0.1641E-05
  0.1815E+04 -0.3599E-03  0.1948E-05
  0.1820E+04 -0.4153E-03  0.2299E-05
  0.1825E+04 -0.4763E-03  0.2698E-05
  0.1830E+04 -0.5431E-03  0.3150E-05
  0.1835E+04 -0.6159E-03  0.3660E-05
  0.1840E+04 -0.6951E-03  0.4234E-05
  0.1845E+04 -0.7807E-03  0.4878E-05
  0.1850E+04 -0.8731E-03  0.5599E-05
  0.1855E+04 -0.9725E-03  0.6403E-05
  0.1860E+04 -0.1079E-02  0.7300E-05
  0.1865E+04 -0.1193E-02  0.8296E-05
  0.1870E+04 -0.1314E-02  0.9401E-05
  0.1875E+04 -0.1443E-02  0.1063E-04
  0.1880E+04 -0.1581E-02  0.1198E-04
  0.1885E+04 -0.1726E-02  0.1347E-04
  0.1890E+04 -0.1879E-02  0.1512E-04
  0.1895E+04 -0.2041E-02  0.1693E-04
  0.1900E+04 -0.2211E-02  0.1891E-04
  0.1905E+04 -0.2390E-02  0.2109E-04
  0.1910E+04 -0.2577E-02  0.2347E-04
  0.1915E+04 -0.2773E-02  0.2608E-04
  0.1920E+04 -0.2978E-02  0.2891E-04
  0.1925E+04 -0.3193E-02  0.3201E-04
  0.1930E+04 -0.3416E-02  0.3536E-04
  0.1935E+04 -0.3649E-02  0.3901E-04
  0.1940E+04 -0.3891E-02  0.4296E-04
  0.1945E+04 -0.4142E-02  0.4723E-04
  0.1950E+04 -0.4402E-02  0.5184E-04
  0.1955E+04 -0.4672E-02  0.5681E-04
  0.1960E+04 -0.4952E-02  0.6216E-04
  0.1965E+04 -0.5241E-02  0.6790E-04
  0.1970E+04 -0.5539E-02  0.7407E-04
  0.1975E+04 -0.5847E-02  0.8068E-04
  0.1980E+04 -0.6165E-02  0.8775E-04
  0.1985E+04 -0.6492E-02  0.9530E-04
  0.1990E+04 -0.6828E-02  0.1034E-03
  0.1995E+04 -0.7175E-02  0.1120E-03
  0.2000E+04 -0.7530E-02  0.1211E-03
  0.2005E+04 -0.7895E-02  0.1309E-03
  0.2010E+04 -0.8270E-02  0.1412E-03
  0.2015E+04 -0.8654E-02  0.1522E-03
  0.2020E+04 -0.9048E-02  0.1639E-03
  0.2025E+04 -0.9451E-02  0.1763E-03
  0.2030E+04 -0.9863E-02  0.1894E-03
  0.2035E+04 -0.1029E-01  0.2033E-03
  0.2040E+04 -0.1072E-01  0.2179E-03
  0.2045E+04 -0.1116E-01  0.2335E-03
  0.2050E+04 -0.1161E-01  0.2499E-03
  0.2055E+04 -0.1206E-01  0.2672E-03
  0.2060E+04 -0.1253E-01  0.2855E-03
  0.2065E+04 -0.1301E-01  0.3048E-03
  0.2070E+04 -0.1349E-01  0.3251E-03
  0.2075E+04 -0.1399E-01  0.3464E-03
  0.2080E+04 -0.1449E-01  0.3689E-03
  0.2085E+04 -0.1500E-01  0.3925E-03
  0.2090E+04 -0.1553E-01  0.4173E-03
  0.2095E+04 -0.1605E-01  0.4433E-03
  0.2100E+04 -0.1659E-01  0.4705E-03
  0.2105E+04 -0.1714E-01  0.4989E-03
  0.2110E+04 -0.1769E-01  0.5287E-03
  0.2115E+04 -0.1826E-01  0.5598E-03
  0.2120E+04 -0.1883E-01  0.5922E-03
  0.2125E+04 -0.1941E-01  0.6259E-03
  0.2130E+04 -0.2000E-01  0.6610E-03
  0.2135E+04 -0.2059E-01  0.6974E-03
  0.2140E+04 -0.2120E-01  0.7351E-03
  0.2145E+04 -0.2181E-01  0.7742E-03
  0.2150E+04 -0.2243E-01  0.8147E-03
  0.2155E+04 -0.2306E-01  0.8565E-03
  0.2160E+04 -0.2370E-01  0.8996E-03
  0.2165E+04 -0.2434E-01  0.9441E-03
  0.2170E+04 -0.2499E-01  0.9899E-03
  0.2175E+04 -0.2565E-01  0.1037E-02
  0.2180E+04 -0.2632E-01  0.1086E-02
  0.2185E+04 -0.2699E-01  0.1136E-02
  0.2190E+04 -0.2767E-01  0.1187E-02
  0.2195E+04 -0.2836E-01  0.1240E-02
  0.2200E+04 -0.2905E-01  0.1294E-02
                   
   Partial-wave = G39
   W (MeV)   < MB (nf)|T| MB (ni) > 
  0.1690E+04 -0.2243E-11  0.9536E-15
  0.1695E+04 -0.6052E-09  0.2644E-12
  0.1700E+04 -0.6524E-08  0.2955E-11
  0.1705E+04 -0.2984E-07  0.1401E-10
  0.1710E+04 -0.9091E-07  0.4425E-10
  0.1715E+04 -0.2183E-06  0.1102E-09
  0.1720E+04 -0.4484E-06  0.2346E-09
  0.1725E+04 -0.8247E-06  0.4476E-09
  0.1730E+04 -0.1397E-05  0.7865E-09
  0.1735E+04 -0.2220E-05  0.1297E-08
  0.1740E+04 -0.3355E-05  0.2036E-08
  0.1745E+04 -0.4865E-05  0.3067E-08
  0.1750E+04 -0.6818E-05  0.4468E-08
  0.1755E+04 -0.9284E-05  0.6328E-08
  0.1760E+04 -0.1233E-04  0.8752E-08
  0.1765E+04 -0.1604E-04  0.1186E-07
  0.1770E+04 -0.2049E-04  0.1579E-07
  0.1775E+04 -0.2574E-04  0.2070E-07
  0.1780E+04 -0.3188E-04  0.2677E-07
  0.1785E+04 -0.3898E-04  0.3421E-07
  0.1790E+04 -0.4711E-04  0.4326E-07
  0.1795E+04 -0.5636E-04  0.5420E-07
  0.1800E+04 -0.6679E-04  0.6734E-07
  0.1805E+04 -0.7847E-04  0.8303E-07
  0.1810E+04 -0.9149E-04  0.1017E-06
  0.1815E+04 -0.1059E-03  0.1237E-06
  0.1820E+04 -0.1218E-03  0.1497E-06
  0.1825E+04 -0.1392E-03  0.1802E-06
  0.1830E+04 -0.1582E-03  0.2158E-06
  0.1835E+04 -0.1789E-03  0.2574E-06
  0.1840E+04 -0.2013E-03  0.3056E-06
  0.1845E+04 -0.2255E-03  0.3614E-06
  0.1850E+04 -0.2516E-03  0.4258E-06
  0.1855E+04 -0.2795E-03  0.4999E-06
  0.1860E+04 -0.3095E-03  0.5848E-06
  0.1865E+04 -0.3414E-03  0.6820E-06
  0.1870E+04 -0.3753E-03  0.7928E-06
  0.1875E+04 -0.4114E-03  0.9188E-06
  0.1880E+04 -0.4497E-03  0.1062E-05
  0.1885E+04 -0.4901E-03  0.1223E-05
  0.1890E+04 -0.5328E-03  0.1405E-05
  0.1895E+04 -0.5778E-03  0.1610E-05
  0.1900E+04 -0.6251E-03  0.1839E-05
  0.1905E+04 -0.6748E-03  0.2096E-05
  0.1910E+04 -0.7269E-03  0.2382E-05
  0.1915E+04 -0.7814E-03  0.2700E-05
  0.1920E+04 -0.8384E-03  0.3053E-05
  0.1925E+04 -0.8979E-03  0.3443E-05
  0.1930E+04 -0.9599E-03  0.3874E-05
  0.1935E+04 -0.1025E-02  0.4348E-05
  0.1940E+04 -0.1092E-02  0.4868E-05
  0.1945E+04 -0.1161E-02  0.5438E-05
  0.1950E+04 -0.1234E-02  0.6061E-05
  0.1955E+04 -0.1309E-02  0.6740E-05
  0.1960E+04 -0.1387E-02  0.7478E-05
  0.1965E+04 -0.1467E-02  0.8280E-05
  0.1970E+04 -0.1550E-02  0.9148E-05
  0.1975E+04 -0.1636E-02  0.1009E-04
  0.1980E+04 -0.1725E-02  0.1110E-04
  0.1985E+04 -0.1816E-02  0.1219E-04
  0.1990E+04 -0.1911E-02  0.1337E-04
  0.1995E+04 -0.2008E-02  0.1463E-04
  0.2000E+04 -0.2107E-02  0.1598E-04
  0.2005E+04 -0.2210E-02  0.1744E-04
  0.2010E+04 -0.2315E-02  0.1899E-04
  0.2015E+04 -0.2423E-02  0.2065E-04
  0.2020E+04 -0.2534E-02  0.2243E-04
  0.2025E+04 -0.2648E-02  0.2433E-04
  0.2030E+04 -0.2765E-02  0.2636E-04
  0.2035E+04 -0.2885E-02  0.2852E-04
  0.2040E+04 -0.3007E-02  0.3083E-04
  0.2045E+04 -0.3132E-02  0.3329E-04
  0.2050E+04 -0.3260E-02  0.3591E-04
  0.2055E+04 -0.3391E-02  0.3869E-04
  0.2060E+04 -0.3525E-02  0.4165E-04
  0.2065E+04 -0.3662E-02  0.4479E-04
  0.2070E+04 -0.3802E-02  0.4812E-04
  0.2075E+04 -0.3944E-02  0.5164E-04
  0.2080E+04 -0.4089E-02  0.5536E-04
  0.2085E+04 -0.4238E-02  0.5929E-04
  0.2090E+04 -0.4389E-02  0.6341E-04
  0.2095E+04 -0.4543E-02  0.6774E-04
  0.2100E+04 -0.4700E-02  0.7228E-04
  0.2105E+04 -0.4860E-02  0.7701E-04
  0.2110E+04 -0.5023E-02  0.8194E-04
  0.2115E+04 -0.5188E-02  0.8706E-04
  0.2120E+04 -0.5357E-02  0.9236E-04
  0.2125E+04 -0.5528E-02  0.9783E-04
  0.2130E+04 -0.5703E-02  0.1035E-03
  0.2135E+04 -0.5880E-02  0.1092E-03
  0.2140E+04 -0.6060E-02  0.1152E-03
  0.2145E+04 -0.6243E-02  0.1212E-03
  0.2150E+04 -0.6429E-02  0.1274E-03
  0.2155E+04 -0.6618E-02  0.1336E-03
  0.2160E+04 -0.6809E-02  0.1400E-03
  0.2165E+04 -0.7004E-02  0.1465E-03
  0.2170E+04 -0.7201E-02  0.1531E-03
  0.2175E+04 -0.7400E-02  0.1598E-03
  0.2180E+04 -0.7603E-02  0.1666E-03
  0.2185E+04 -0.7808E-02  0.1735E-03
  0.2190E+04 -0.8016E-02  0.1805E-03
  0.2195E+04 -0.8226E-02  0.1876E-03
  0.2200E+04 -0.8439E-02  0.1949E-03
                   
   Partial-wave = H19
   W (MeV)   < MB (nf)|T| MB (ni) > 
  0.1690E+04  0.7837E-14  0.9201E-15
  0.1695E+04  0.1939E-10  0.8423E-12
  0.1700E+04  0.3609E-09  0.1519E-10
  0.1705E+04  0.2343E-08  0.9585E-10
  0.1710E+04  0.9246E-08  0.3675E-09
  0.1715E+04  0.2727E-07  0.1053E-08
  0.1720E+04  0.6641E-07  0.2489E-08
  0.1725E+04  0.1412E-06  0.5140E-08
  0.1730E+04  0.2715E-06  0.9601E-08
  0.1735E+04  0.4828E-06  0.1660E-07
  0.1740E+04  0.8068E-06  0.2702E-07
  0.1745E+04  0.1282E-05  0.4186E-07
  0.1750E+04  0.1952E-05  0.6229E-07
  0.1755E+04  0.2870E-05  0.8964E-07
  0.1760E+04  0.4094E-05  0.1254E-06
  0.1765E+04  0.5688E-05  0.1713E-06
  0.1770E+04  0.7726E-05  0.2292E-06
  0.1775E+04  0.1029E-04  0.3012E-06
  0.1780E+04  0.1345E-04  0.3896E-06
  0.1785E+04  0.1732E-04  0.4971E-06
  0.1790E+04  0.2198E-04  0.6262E-06
  0.1795E+04  0.2755E-04  0.7801E-06
  0.1800E+04  0.3412E-04  0.9618E-06
  0.1805E+04  0.4182E-04  0.1175E-05
  0.1810E+04  0.5076E-04  0.1422E-05
  0.1815E+04  0.6108E-04  0.1708E-05
  0.1820E+04  0.7290E-04  0.2035E-05
  0.1825E+04  0.8635E-04  0.2409E-05
  0.1830E+04  0.1016E-03  0.2831E-05
  0.1835E+04  0.1187E-03  0.3305E-05
  0.1840E+04  0.1379E-03  0.3836E-05
  0.1845E+04  0.1593E-03  0.4427E-05
  0.1850E+04  0.1831E-03  0.5080E-05
  0.1855E+04  0.2094E-03  0.5798E-05
  0.1860E+04  0.2384E-03  0.6585E-05
  0.1865E+04  0.2701E-03  0.7443E-05
  0.1870E+04  0.3049E-03  0.8374E-05
  0.1875E+04  0.3428E-03  0.9381E-05
  0.1880E+04  0.3841E-03  0.1047E-04
  0.1885E+04  0.4288E-03  0.1163E-04
  0.1890E+04  0.4771E-03  0.1288E-04
  0.1895E+04  0.5292E-03  0.1421E-04
  0.1900E+04  0.5853E-03  0.1563E-04
  0.1905E+04  0.6455E-03  0.1713E-04
  0.1910E+04  0.7100E-03  0.1873E-04
  0.1915E+04  0.7789E-03  0.2041E-04
  0.1920E+04  0.8525E-03  0.2220E-04
  0.1925E+04  0.9307E-03  0.2408E-04
  0.1930E+04  0.1014E-02  0.2607E-04
  0.1935E+04  0.1102E-02  0.2816E-04
  0.1940E+04  0.1196E-02  0.3036E-04
  0.1945E+04  0.1295E-02  0.3268E-04
  0.1950E+04  0.1399E-02  0.3511E-04
  0.1955E+04  0.1509E-02  0.3768E-04
  0.1960E+04  0.1625E-02  0.4038E-04
  0.1965E+04  0.1747E-02  0.4322E-04
  0.1970E+04  0.1875E-02  0.4621E-04
  0.1975E+04  0.2009E-02  0.4935E-04
  0.1980E+04  0.2150E-02  0.5266E-04
  0.1985E+04  0.2298E-02  0.5614E-04
  0.1990E+04  0.2452E-02  0.5982E-04
  0.1995E+04  0.2612E-02  0.6368E-04
  0.2000E+04  0.2780E-02  0.6776E-04
  0.2005E+04  0.2955E-02  0.7206E-04
  0.2010E+04  0.3137E-02  0.7660E-04
  0.2015E+04  0.3327E-02  0.8138E-04
  0.2020E+04  0.3524E-02  0.8643E-04
  0.2025E+04  0.3728E-02  0.9175E-04
  0.2030E+04  0.3941E-02  0.9737E-04
  0.2035E+04  0.4161E-02  0.1033E-03
  0.2040E+04  0.4389E-02  0.1096E-03
  0.2045E+04  0.4625E-02  0.1162E-03
  0.2050E+04  0.4869E-02  0.1232E-03
  0.2055E+04  0.5122E-02  0.1305E-03
  0.2060E+04  0.5383E-02  0.1383E-03
  0.2065E+04  0.5652E-02  0.1465E-03
  0.2070E+04  0.5930E-02  0.1551E-03
  0.2075E+04  0.6217E-02  0.1642E-03
  0.2080E+04  0.6512E-02  0.1738E-03
  0.2085E+04  0.6817E-02  0.1839E-03
  0.2090E+04  0.7130E-02  0.1946E-03
  0.2095E+04  0.7452E-02  0.2058E-03
  0.2100E+04  0.7783E-02  0.2176E-03
  0.2105E+04  0.8123E-02  0.2299E-03
  0.2110E+04  0.8473E-02  0.2429E-03
  0.2115E+04  0.8831E-02  0.2565E-03
  0.2120E+04  0.9199E-02  0.2708E-03
  0.2125E+04  0.9577E-02  0.2857E-03
  0.2130E+04  0.9964E-02  0.3014E-03
  0.2135E+04  0.1036E-01  0.3177E-03
  0.2140E+04  0.1077E-01  0.3348E-03
  0.2145E+04  0.1118E-01  0.3527E-03
  0.2150E+04  0.1161E-01  0.3713E-03
  0.2155E+04  0.1204E-01  0.3907E-03
  0.2160E+04  0.1248E-01  0.4108E-03
  0.2165E+04  0.1294E-01  0.4318E-03
  0.2170E+04  0.1340E-01  0.4536E-03
  0.2175E+04  0.1388E-01  0.4763E-03
  0.2180E+04  0.1436E-01  0.4998E-03
  0.2185E+04  0.1485E-01  0.5242E-03
  0.2190E+04  0.1536E-01  0.5495E-03
  0.2195E+04  0.1587E-01  0.5758E-03
  0.2200E+04  0.1639E-01  0.6030E-03
                   
   Partial-wave = H39
   W (MeV)   < MB (nf)|T| MB (ni) > 
  0.1690E+04 -0.2481E-12  0.2056E-16
  0.1695E+04 -0.1131E-10  0.2025E-13
  0.1700E+04 -0.1831E-09  0.3944E-12
  0.1705E+04 -0.1156E-08  0.2700E-11
  0.1710E+04 -0.4479E-08  0.1127E-10
  0.1715E+04 -0.1299E-07  0.3523E-10
  0.1720E+04 -0.3110E-07  0.9119E-10
  0.1725E+04 -0.6502E-07  0.2066E-09
  0.1730E+04 -0.1228E-06  0.4241E-09
  0.1735E+04 -0.2145E-06  0.8069E-09
  0.1740E+04 -0.3517E-06  0.1446E-08
  0.1745E+04 -0.5479E-06  0.2467E-08
  0.1750E+04 -0.8178E-06  0.4042E-08
  0.1755E+04 -0.1177E-05  0.6404E-08
  0.1760E+04 -0.1643E-05  0.9856E-08
  0.1765E+04 -0.2232E-05  0.1480E-07
  0.1770E+04 -0.2960E-05  0.2174E-07
  0.1775E+04 -0.3845E-05  0.3133E-07
  0.1780E+04 -0.4900E-05  0.4441E-07
  0.1785E+04 -0.6140E-05  0.6202E-07
  0.1790E+04 -0.7577E-05  0.8544E-07
  0.1795E+04 -0.9218E-05  0.1163E-06
  0.1800E+04 -0.1107E-04  0.1566E-06
  0.1805E+04 -0.1314E-04  0.2087E-06
  0.1810E+04 -0.1541E-04  0.2756E-06
  0.1815E+04 -0.1789E-04  0.3610E-06
  0.1820E+04 -0.2056E-04  0.4692E-06
  0.1825E+04 -0.2340E-04  0.6054E-06
  0.1830E+04 -0.2640E-04  0.7759E-06
  0.1835E+04 -0.2951E-04  0.9883E-06
  0.1840E+04 -0.3270E-04  0.1251E-05
  0.1845E+04 -0.3593E-04  0.1575E-05
  0.1850E+04 -0.3914E-04  0.1973E-05
  0.1855E+04 -0.4227E-04  0.2459E-05
  0.1860E+04 -0.4525E-04  0.3049E-05
  0.1865E+04 -0.4800E-04  0.3763E-05
  0.1870E+04 -0.5043E-04  0.4624E-05
  0.1875E+04 -0.5245E-04  0.5656E-05
  0.1880E+04 -0.5394E-04  0.6889E-05
  0.1885E+04 -0.5479E-04  0.8357E-05
  0.1890E+04 -0.5487E-04  0.1010E-04
  0.1895E+04 -0.5405E-04  0.1215E-04
  0.1900E+04 -0.5216E-04  0.1457E-04
  0.1905E+04 -0.4905E-04  0.1740E-04
  0.1910E+04 -0.4454E-04  0.2071E-04
  0.1915E+04 -0.3847E-04  0.2457E-04
  0.1920E+04 -0.3062E-04  0.2904E-04
  0.1925E+04 -0.2080E-04  0.3421E-04
  0.1930E+04 -0.8789E-05  0.4018E-04
  0.1935E+04  0.5642E-05  0.4704E-04
  0.1940E+04  0.2273E-04  0.5491E-04
  0.1945E+04  0.4273E-04  0.6392E-04
  0.1950E+04  0.6590E-04  0.7420E-04
  0.1955E+04  0.9252E-04  0.8590E-04
  0.1960E+04  0.1229E-03  0.9920E-04
  0.1965E+04  0.1572E-03  0.1143E-03
  0.1970E+04  0.1959E-03  0.1313E-03
  0.1975E+04  0.2392E-03  0.1505E-03
  0.1980E+04  0.2875E-03  0.1721E-03
  0.1985E+04  0.3410E-03  0.1964E-03
  0.1990E+04  0.4002E-03  0.2237E-03
  0.1995E+04  0.4654E-03  0.2542E-03
  0.2000E+04  0.5370E-03  0.2883E-03
  0.2005E+04  0.6152E-03  0.3264E-03
  0.2010E+04  0.7006E-03  0.3689E-03
  0.2015E+04  0.7934E-03  0.4161E-03
  0.2020E+04  0.8940E-03  0.4686E-03
  0.2025E+04  0.1003E-02  0.5270E-03
  0.2030E+04  0.1120E-02  0.5917E-03
  0.2035E+04  0.1247E-02  0.6634E-03
  0.2040E+04  0.1383E-02  0.7429E-03
  0.2045E+04  0.1528E-02  0.8308E-03
  0.2050E+04  0.1684E-02  0.9281E-03
  0.2055E+04  0.1849E-02  0.1035E-02
  0.2060E+04  0.2025E-02  0.1154E-02
  0.2065E+04  0.2211E-02  0.1285E-02
  0.2070E+04  0.2408E-02  0.1429E-02
  0.2075E+04  0.2615E-02  0.1587E-02
  0.2080E+04  0.2833E-02  0.1762E-02
  0.2085E+04  0.3060E-02  0.1953E-02
  0.2090E+04  0.3297E-02  0.2161E-02
  0.2095E+04  0.3542E-02  0.2390E-02
  0.2100E+04  0.3796E-02  0.2639E-02
  0.2105E+04  0.4057E-02  0.2909E-02
  0.2110E+04  0.4324E-02  0.3203E-02
  0.2115E+04  0.4596E-02  0.3520E-02
  0.2120E+04  0.4871E-02  0.3862E-02
  0.2125E+04  0.5149E-02  0.4228E-02
  0.2130E+04  0.5426E-02  0.4621E-02
  0.2135E+04  0.5703E-02  0.5040E-02
  0.2140E+04  0.5977E-02  0.5484E-02
  0.2145E+04  0.6246E-02  0.5954E-02
  0.2150E+04  0.6510E-02  0.6450E-02
  0.2155E+04  0.6767E-02  0.6971E-02
  0.2160E+04  0.7015E-02  0.7515E-02
  0.2165E+04  0.7254E-02  0.8083E-02
  0.2170E+04  0.7483E-02  0.8674E-02
  0.2175E+04  0.7701E-02  0.9286E-02
  0.2180E+04  0.7909E-02  0.9918E-02
  0.2185E+04  0.8105E-02  0.1057E-01
  0.2190E+04  0.8289E-02  0.1124E-01
  0.2195E+04  0.8463E-02  0.1193E-01
  0.2200E+04  0.8626E-02  0.1264E-01
