  
   ANL-osaka amplitudes : < MB (nf)|T| MB (ni) > 
   Relation to S-matrix : S = 1 + 2 i T
 ---------------------------------- 
  Requested Amplitudes
  MB(nf)=  K-Lambd,   MB(ni)=  pi-N   
                   
                   
   Partial-wave = S11
   W (MeV)   < MB (nf)|T| MB (ni) > 
  0.1615E+04  0.2538E-01  0.6442E-01
  0.1620E+04  0.3180E-01  0.7702E-01
  0.1625E+04  0.3689E-01  0.8540E-01
  0.1630E+04  0.4147E-01  0.9249E-01
  0.1635E+04  0.4570E-01  0.9932E-01
  0.1640E+04  0.4948E-01  0.1064E+00
  0.1645E+04  0.5263E-01  0.1139E+00
  0.1650E+04  0.5494E-01  0.1219E+00
  0.1655E+04  0.5624E-01  0.1303E+00
  0.1660E+04  0.5636E-01  0.1390E+00
  0.1665E+04  0.5523E-01  0.1479E+00
  0.1670E+04  0.5289E-01  0.1566E+00
  0.1675E+04  0.4952E-01  0.1653E+00
  0.1680E+04  0.4556E-01  0.1747E+00
  0.1685E+04  0.3854E-01  0.1883E+00
  0.1690E+04  0.1206E-01  0.1945E+00
  0.1695E+04  0.2436E-02  0.1839E+00
  0.1700E+04 -0.1208E-02  0.1786E+00
  0.1705E+04 -0.4215E-02  0.1756E+00
  0.1710E+04 -0.7042E-02  0.1735E+00
  0.1715E+04 -0.9780E-02  0.1719E+00
  0.1720E+04 -0.1247E-01  0.1705E+00
  0.1725E+04 -0.1513E-01  0.1691E+00
  0.1730E+04 -0.1775E-01  0.1677E+00
  0.1735E+04 -0.2029E-01  0.1662E+00
  0.1740E+04 -0.2273E-01  0.1647E+00
  0.1745E+04 -0.2507E-01  0.1630E+00
  0.1750E+04 -0.2727E-01  0.1613E+00
  0.1755E+04 -0.2934E-01  0.1595E+00
  0.1760E+04 -0.3127E-01  0.1576E+00
  0.1765E+04 -0.3306E-01  0.1556E+00
  0.1770E+04 -0.3470E-01  0.1536E+00
  0.1775E+04 -0.3621E-01  0.1516E+00
  0.1780E+04 -0.3759E-01  0.1495E+00
  0.1785E+04 -0.3884E-01  0.1474E+00
  0.1790E+04 -0.3996E-01  0.1453E+00
  0.1795E+04 -0.4097E-01  0.1432E+00
  0.1800E+04 -0.4186E-01  0.1410E+00
  0.1805E+04 -0.4265E-01  0.1389E+00
  0.1810E+04 -0.4333E-01  0.1368E+00
  0.1815E+04 -0.4391E-01  0.1347E+00
  0.1820E+04 -0.4441E-01  0.1326E+00
  0.1825E+04 -0.4482E-01  0.1306E+00
  0.1830E+04 -0.4515E-01  0.1285E+00
  0.1835E+04 -0.4540E-01  0.1265E+00
  0.1840E+04 -0.4558E-01  0.1245E+00
  0.1845E+04 -0.4569E-01  0.1225E+00
  0.1850E+04 -0.4574E-01  0.1206E+00
  0.1855E+04 -0.4573E-01  0.1187E+00
  0.1860E+04 -0.4567E-01  0.1168E+00
  0.1865E+04 -0.4555E-01  0.1149E+00
  0.1870E+04 -0.4538E-01  0.1131E+00
  0.1875E+04 -0.4516E-01  0.1113E+00
  0.1880E+04 -0.4490E-01  0.1095E+00
  0.1885E+04 -0.4459E-01  0.1077E+00
  0.1890E+04 -0.4425E-01  0.1060E+00
  0.1895E+04 -0.4386E-01  0.1043E+00
  0.1900E+04 -0.4344E-01  0.1026E+00
  0.1905E+04 -0.4298E-01  0.1010E+00
  0.1910E+04 -0.4249E-01  0.9936E-01
  0.1915E+04 -0.4197E-01  0.9779E-01
  0.1920E+04 -0.4141E-01  0.9624E-01
  0.1925E+04 -0.4083E-01  0.9472E-01
  0.1930E+04 -0.4023E-01  0.9324E-01
  0.1935E+04 -0.3960E-01  0.9178E-01
  0.1940E+04 -0.3895E-01  0.9036E-01
  0.1945E+04 -0.3829E-01  0.8897E-01
  0.1950E+04 -0.3761E-01  0.8762E-01
  0.1955E+04 -0.3691E-01  0.8629E-01
  0.1960E+04 -0.3620E-01  0.8500E-01
  0.1965E+04 -0.3549E-01  0.8373E-01
  0.1970E+04 -0.3476E-01  0.8249E-01
  0.1975E+04 -0.3403E-01  0.8128E-01
  0.1980E+04 -0.3329E-01  0.8009E-01
  0.1985E+04 -0.3254E-01  0.7893E-01
  0.1990E+04 -0.3180E-01  0.7779E-01
  0.1995E+04 -0.3105E-01  0.7666E-01
  0.2000E+04 -0.3030E-01  0.7556E-01
  0.2005E+04 -0.2954E-01  0.7448E-01
  0.2010E+04 -0.2879E-01  0.7342E-01
  0.2015E+04 -0.2803E-01  0.7237E-01
  0.2020E+04 -0.2727E-01  0.7133E-01
  0.2025E+04 -0.2650E-01  0.7031E-01
  0.2030E+04 -0.2574E-01  0.6930E-01
  0.2035E+04 -0.2497E-01  0.6831E-01
  0.2040E+04 -0.2419E-01  0.6732E-01
  0.2045E+04 -0.2342E-01  0.6635E-01
  0.2050E+04 -0.2263E-01  0.6539E-01
  0.2055E+04 -0.2185E-01  0.6444E-01
  0.2060E+04 -0.2106E-01  0.6351E-01
  0.2065E+04 -0.2026E-01  0.6258E-01
  0.2070E+04 -0.1946E-01  0.6166E-01
  0.2075E+04 -0.1866E-01  0.6076E-01
  0.2080E+04 -0.1785E-01  0.5986E-01
  0.2085E+04 -0.1704E-01  0.5898E-01
  0.2090E+04 -0.1622E-01  0.5811E-01
  0.2095E+04 -0.1540E-01  0.5725E-01
  0.2100E+04 -0.1457E-01  0.5640E-01
  0.2105E+04 -0.1374E-01  0.5556E-01
  0.2110E+04 -0.1291E-01  0.5474E-01
  0.2115E+04 -0.1207E-01  0.5392E-01
  0.2120E+04 -0.1124E-01  0.5312E-01
  0.2125E+04 -0.1040E-01  0.5233E-01
  0.2130E+04 -0.9555E-02  0.5155E-01
  0.2135E+04 -0.8715E-02  0.5078E-01
  0.2140E+04 -0.7875E-02  0.5002E-01
  0.2145E+04 -0.7036E-02  0.4927E-01
  0.2150E+04 -0.6199E-02  0.4852E-01
  0.2155E+04 -0.5363E-02  0.4779E-01
  0.2160E+04 -0.4531E-02  0.4707E-01
  0.2165E+04 -0.3701E-02  0.4634E-01
  0.2170E+04 -0.2874E-02  0.4563E-01
  0.2175E+04 -0.2049E-02  0.4492E-01
  0.2180E+04 -0.1226E-02  0.4421E-01
  0.2185E+04 -0.4052E-03  0.4350E-01
  0.2190E+04  0.4148E-03  0.4279E-01
  0.2195E+04  0.1235E-02  0.4209E-01
  0.2200E+04  0.2056E-02  0.4138E-01
                   
   Partial-wave = S31
   W (MeV)   < MB (nf)|T| MB (ni) > 
  0.1615E+04  0.0000E+00  0.0000E+00
  0.1620E+04  0.0000E+00  0.0000E+00
  0.1625E+04  0.0000E+00  0.0000E+00
  0.1630E+04  0.0000E+00  0.0000E+00
  0.1635E+04  0.0000E+00  0.0000E+00
  0.1640E+04  0.0000E+00  0.0000E+00
  0.1645E+04  0.0000E+00  0.0000E+00
  0.1650E+04  0.0000E+00  0.0000E+00
  0.1655E+04  0.0000E+00  0.0000E+00
  0.1660E+04  0.0000E+00  0.0000E+00
  0.1665E+04  0.0000E+00  0.0000E+00
  0.1670E+04  0.0000E+00  0.0000E+00
  0.1675E+04  0.0000E+00  0.0000E+00
  0.1680E+04  0.0000E+00  0.0000E+00
  0.1685E+04  0.0000E+00  0.0000E+00
  0.1690E+04  0.0000E+00  0.0000E+00
  0.1695E+04  0.0000E+00  0.0000E+00
  0.1700E+04  0.0000E+00  0.0000E+00
  0.1705E+04  0.0000E+00  0.0000E+00
  0.1710E+04  0.0000E+00  0.0000E+00
  0.1715E+04  0.0000E+00  0.0000E+00
  0.1720E+04  0.0000E+00  0.0000E+00
  0.1725E+04  0.0000E+00  0.0000E+00
  0.1730E+04  0.0000E+00  0.0000E+00
  0.1735E+04  0.0000E+00  0.0000E+00
  0.1740E+04  0.0000E+00  0.0000E+00
  0.1745E+04  0.0000E+00  0.0000E+00
  0.1750E+04  0.0000E+00  0.0000E+00
  0.1755E+04  0.0000E+00  0.0000E+00
  0.1760E+04  0.0000E+00  0.0000E+00
  0.1765E+04  0.0000E+00  0.0000E+00
  0.1770E+04  0.0000E+00  0.0000E+00
  0.1775E+04  0.0000E+00  0.0000E+00
  0.1780E+04  0.0000E+00  0.0000E+00
  0.1785E+04  0.0000E+00  0.0000E+00
  0.1790E+04  0.0000E+00  0.0000E+00
  0.1795E+04  0.0000E+00  0.0000E+00
  0.1800E+04  0.0000E+00  0.0000E+00
  0.1805E+04  0.0000E+00  0.0000E+00
  0.1810E+04  0.0000E+00  0.0000E+00
  0.1815E+04  0.0000E+00  0.0000E+00
  0.1820E+04  0.0000E+00  0.0000E+00
  0.1825E+04  0.0000E+00  0.0000E+00
  0.1830E+04  0.0000E+00  0.0000E+00
  0.1835E+04  0.0000E+00  0.0000E+00
  0.1840E+04  0.0000E+00  0.0000E+00
  0.1845E+04  0.0000E+00  0.0000E+00
  0.1850E+04  0.0000E+00  0.0000E+00
  0.1855E+04  0.0000E+00  0.0000E+00
  0.1860E+04  0.0000E+00  0.0000E+00
  0.1865E+04  0.0000E+00  0.0000E+00
  0.1870E+04  0.0000E+00  0.0000E+00
  0.1875E+04  0.0000E+00  0.0000E+00
  0.1880E+04  0.0000E+00  0.0000E+00
  0.1885E+04  0.0000E+00  0.0000E+00
  0.1890E+04  0.0000E+00  0.0000E+00
  0.1895E+04  0.0000E+00  0.0000E+00
  0.1900E+04  0.0000E+00  0.0000E+00
  0.1905E+04  0.0000E+00  0.0000E+00
  0.1910E+04  0.0000E+00  0.0000E+00
  0.1915E+04  0.0000E+00  0.0000E+00
  0.1920E+04  0.0000E+00  0.0000E+00
  0.1925E+04  0.0000E+00  0.0000E+00
  0.1930E+04  0.0000E+00  0.0000E+00
  0.1935E+04  0.0000E+00  0.0000E+00
  0.1940E+04  0.0000E+00  0.0000E+00
  0.1945E+04  0.0000E+00  0.0000E+00
  0.1950E+04  0.0000E+00  0.0000E+00
  0.1955E+04  0.0000E+00  0.0000E+00
  0.1960E+04  0.0000E+00  0.0000E+00
  0.1965E+04  0.0000E+00  0.0000E+00
  0.1970E+04  0.0000E+00  0.0000E+00
  0.1975E+04  0.0000E+00  0.0000E+00
  0.1980E+04  0.0000E+00  0.0000E+00
  0.1985E+04  0.0000E+00  0.0000E+00
  0.1990E+04  0.0000E+00  0.0000E+00
  0.1995E+04  0.0000E+00  0.0000E+00
  0.2000E+04  0.0000E+00  0.0000E+00
  0.2005E+04  0.0000E+00  0.0000E+00
  0.2010E+04  0.0000E+00  0.0000E+00
  0.2015E+04  0.0000E+00  0.0000E+00
  0.2020E+04  0.0000E+00  0.0000E+00
  0.2025E+04  0.0000E+00  0.0000E+00
  0.2030E+04  0.0000E+00  0.0000E+00
  0.2035E+04  0.0000E+00  0.0000E+00
  0.2040E+04  0.0000E+00  0.0000E+00
  0.2045E+04  0.0000E+00  0.0000E+00
  0.2050E+04  0.0000E+00  0.0000E+00
  0.2055E+04  0.0000E+00  0.0000E+00
  0.2060E+04  0.0000E+00  0.0000E+00
  0.2065E+04  0.0000E+00  0.0000E+00
  0.2070E+04  0.0000E+00  0.0000E+00
  0.2075E+04  0.0000E+00  0.0000E+00
  0.2080E+04  0.0000E+00  0.0000E+00
  0.2085E+04  0.0000E+00  0.0000E+00
  0.2090E+04  0.0000E+00  0.0000E+00
  0.2095E+04  0.0000E+00  0.0000E+00
  0.2100E+04  0.0000E+00  0.0000E+00
  0.2105E+04  0.0000E+00  0.0000E+00
  0.2110E+04  0.0000E+00  0.0000E+00
  0.2115E+04  0.0000E+00  0.0000E+00
  0.2120E+04  0.0000E+00  0.0000E+00
  0.2125E+04  0.0000E+00  0.0000E+00
  0.2130E+04  0.0000E+00  0.0000E+00
  0.2135E+04  0.0000E+00  0.0000E+00
  0.2140E+04  0.0000E+00  0.0000E+00
  0.2145E+04  0.0000E+00  0.0000E+00
  0.2150E+04  0.0000E+00  0.0000E+00
  0.2155E+04  0.0000E+00  0.0000E+00
  0.2160E+04  0.0000E+00  0.0000E+00
  0.2165E+04  0.0000E+00  0.0000E+00
  0.2170E+04  0.0000E+00  0.0000E+00
  0.2175E+04  0.0000E+00  0.0000E+00
  0.2180E+04  0.0000E+00  0.0000E+00
  0.2185E+04  0.0000E+00  0.0000E+00
  0.2190E+04  0.0000E+00  0.0000E+00
  0.2195E+04  0.0000E+00  0.0000E+00
  0.2200E+04  0.0000E+00  0.0000E+00
                   
   Partial-wave = P11
   W (MeV)   < MB (nf)|T| MB (ni) > 
  0.1615E+04 -0.1568E-01  0.1883E-01
  0.1620E+04 -0.2841E-01  0.3286E-01
  0.1625E+04 -0.3981E-01  0.4423E-01
  0.1630E+04 -0.5051E-01  0.5381E-01
  0.1635E+04 -0.6074E-01  0.6194E-01
  0.1640E+04 -0.7058E-01  0.6882E-01
  0.1645E+04 -0.8005E-01  0.7458E-01
  0.1650E+04 -0.8917E-01  0.7934E-01
  0.1655E+04 -0.9795E-01  0.8318E-01
  0.1660E+04 -0.1064E+00  0.8618E-01
  0.1665E+04 -0.1145E+00  0.8839E-01
  0.1670E+04 -0.1222E+00  0.8986E-01
  0.1675E+04 -0.1297E+00  0.9063E-01
  0.1680E+04 -0.1369E+00  0.9071E-01
  0.1685E+04 -0.1439E+00  0.9018E-01
  0.1690E+04 -0.1510E+00  0.8863E-01
  0.1695E+04 -0.1573E+00  0.8558E-01
  0.1700E+04 -0.1626E+00  0.8169E-01
  0.1705E+04 -0.1668E+00  0.7720E-01
  0.1710E+04 -0.1699E+00  0.7227E-01
  0.1715E+04 -0.1720E+00  0.6710E-01
  0.1720E+04 -0.1730E+00  0.6187E-01
  0.1725E+04 -0.1730E+00  0.5673E-01
  0.1730E+04 -0.1722E+00  0.5182E-01
  0.1735E+04 -0.1706E+00  0.4723E-01
  0.1740E+04 -0.1684E+00  0.4302E-01
  0.1745E+04 -0.1656E+00  0.3924E-01
  0.1750E+04 -0.1623E+00  0.3592E-01
  0.1755E+04 -0.1587E+00  0.3307E-01
  0.1760E+04 -0.1548E+00  0.3068E-01
  0.1765E+04 -0.1507E+00  0.2874E-01
  0.1770E+04 -0.1465E+00  0.2723E-01
  0.1775E+04 -0.1423E+00  0.2612E-01
  0.1780E+04 -0.1380E+00  0.2538E-01
  0.1785E+04 -0.1338E+00  0.2497E-01
  0.1790E+04 -0.1296E+00  0.2484E-01
  0.1795E+04 -0.1255E+00  0.2498E-01
  0.1800E+04 -0.1215E+00  0.2532E-01
  0.1805E+04 -0.1177E+00  0.2584E-01
  0.1810E+04 -0.1139E+00  0.2650E-01
  0.1815E+04 -0.1103E+00  0.2729E-01
  0.1820E+04 -0.1067E+00  0.2816E-01
  0.1825E+04 -0.1033E+00  0.2912E-01
  0.1830E+04 -0.9992E-01  0.3013E-01
  0.1835E+04 -0.9664E-01  0.3121E-01
  0.1840E+04 -0.9343E-01  0.3232E-01
  0.1845E+04 -0.9029E-01  0.3349E-01
  0.1850E+04 -0.8722E-01  0.3468E-01
  0.1855E+04 -0.8421E-01  0.3592E-01
  0.1860E+04 -0.8126E-01  0.3718E-01
  0.1865E+04 -0.7836E-01  0.3848E-01
  0.1870E+04 -0.7553E-01  0.3981E-01
  0.1875E+04 -0.7276E-01  0.4116E-01
  0.1880E+04 -0.7006E-01  0.4253E-01
  0.1885E+04 -0.6742E-01  0.4391E-01
  0.1890E+04 -0.6484E-01  0.4531E-01
  0.1895E+04 -0.6232E-01  0.4671E-01
  0.1900E+04 -0.5986E-01  0.4811E-01
  0.1905E+04 -0.5747E-01  0.4950E-01
  0.1910E+04 -0.5513E-01  0.5088E-01
  0.1915E+04 -0.5284E-01  0.5225E-01
  0.1920E+04 -0.5061E-01  0.5360E-01
  0.1925E+04 -0.4842E-01  0.5493E-01
  0.1930E+04 -0.4627E-01  0.5623E-01
  0.1935E+04 -0.4415E-01  0.5752E-01
  0.1940E+04 -0.4207E-01  0.5878E-01
  0.1945E+04 -0.4002E-01  0.6001E-01
  0.1950E+04 -0.3799E-01  0.6123E-01
  0.1955E+04 -0.3599E-01  0.6242E-01
  0.1960E+04 -0.3401E-01  0.6359E-01
  0.1965E+04 -0.3204E-01  0.6474E-01
  0.1970E+04 -0.3009E-01  0.6588E-01
  0.1975E+04 -0.2816E-01  0.6701E-01
  0.1980E+04 -0.2624E-01  0.6812E-01
  0.1985E+04 -0.2434E-01  0.6922E-01
  0.1990E+04 -0.2245E-01  0.7032E-01
  0.1995E+04 -0.2058E-01  0.7140E-01
  0.2000E+04 -0.1873E-01  0.7248E-01
  0.2005E+04 -0.1689E-01  0.7355E-01
  0.2010E+04 -0.1507E-01  0.7462E-01
  0.2015E+04 -0.1327E-01  0.7568E-01
  0.2020E+04 -0.1148E-01  0.7673E-01
  0.2025E+04 -0.9715E-02  0.7777E-01
  0.2030E+04 -0.7965E-02  0.7881E-01
  0.2035E+04 -0.6233E-02  0.7984E-01
  0.2040E+04 -0.4517E-02  0.8086E-01
  0.2045E+04 -0.2817E-02  0.8187E-01
  0.2050E+04 -0.1133E-02  0.8288E-01
  0.2055E+04  0.5377E-03  0.8387E-01
  0.2060E+04  0.2195E-02  0.8486E-01
  0.2065E+04  0.3840E-02  0.8584E-01
  0.2070E+04  0.5473E-02  0.8682E-01
  0.2075E+04  0.7096E-02  0.8779E-01
  0.2080E+04  0.8709E-02  0.8876E-01
  0.2085E+04  0.1031E-01  0.8972E-01
  0.2090E+04  0.1191E-01  0.9068E-01
  0.2095E+04  0.1349E-01  0.9165E-01
  0.2100E+04  0.1507E-01  0.9261E-01
  0.2105E+04  0.1663E-01  0.9358E-01
  0.2110E+04  0.1818E-01  0.9456E-01
  0.2115E+04  0.1972E-01  0.9554E-01
  0.2120E+04  0.2124E-01  0.9653E-01
  0.2125E+04  0.2274E-01  0.9753E-01
  0.2130E+04  0.2422E-01  0.9854E-01
  0.2135E+04  0.2567E-01  0.9956E-01
  0.2140E+04  0.2711E-01  0.1006E+00
  0.2145E+04  0.2850E-01  0.1016E+00
  0.2150E+04  0.2987E-01  0.1026E+00
  0.2155E+04  0.3121E-01  0.1037E+00
  0.2160E+04  0.3251E-01  0.1047E+00
  0.2165E+04  0.3378E-01  0.1057E+00
  0.2170E+04  0.3501E-01  0.1067E+00
  0.2175E+04  0.3621E-01  0.1077E+00
  0.2180E+04  0.3737E-01  0.1087E+00
  0.2185E+04  0.3851E-01  0.1097E+00
  0.2190E+04  0.3962E-01  0.1106E+00
  0.2195E+04  0.4071E-01  0.1115E+00
  0.2200E+04  0.4178E-01  0.1124E+00
                   
   Partial-wave = P13
   W (MeV)   < MB (nf)|T| MB (ni) > 
  0.1615E+04  0.4658E-02  0.3987E-03
  0.1620E+04  0.8446E-02  0.8538E-03
  0.1625E+04  0.1185E-01  0.1398E-02
  0.1630E+04  0.1507E-01  0.2055E-02
  0.1635E+04  0.1818E-01  0.2842E-02
  0.1640E+04  0.2120E-01  0.3778E-02
  0.1645E+04  0.2416E-01  0.4879E-02
  0.1650E+04  0.2704E-01  0.6163E-02
  0.1655E+04  0.2983E-01  0.7646E-02
  0.1660E+04  0.3251E-01  0.9339E-02
  0.1665E+04  0.3504E-01  0.1125E-01
  0.1670E+04  0.3739E-01  0.1337E-01
  0.1675E+04  0.3949E-01  0.1568E-01
  0.1680E+04  0.4132E-01  0.1815E-01
  0.1685E+04  0.4283E-01  0.2072E-01
  0.1690E+04  0.4401E-01  0.2334E-01
  0.1695E+04  0.4484E-01  0.2596E-01
  0.1700E+04  0.4531E-01  0.2846E-01
  0.1705E+04  0.4548E-01  0.3079E-01
  0.1710E+04  0.4543E-01  0.3288E-01
  0.1715E+04  0.4521E-01  0.3471E-01
  0.1720E+04  0.4491E-01  0.3628E-01
  0.1725E+04  0.4459E-01  0.3760E-01
  0.1730E+04  0.4431E-01  0.3872E-01
  0.1735E+04  0.4409E-01  0.3967E-01
  0.1740E+04  0.4395E-01  0.4050E-01
  0.1745E+04  0.4389E-01  0.4125E-01
  0.1750E+04  0.4391E-01  0.4195E-01
  0.1755E+04  0.4399E-01  0.4262E-01
  0.1760E+04  0.4413E-01  0.4328E-01
  0.1765E+04  0.4430E-01  0.4394E-01
  0.1770E+04  0.4448E-01  0.4461E-01
  0.1775E+04  0.4468E-01  0.4529E-01
  0.1780E+04  0.4487E-01  0.4598E-01
  0.1785E+04  0.4505E-01  0.4667E-01
  0.1790E+04  0.4521E-01  0.4737E-01
  0.1795E+04  0.4535E-01  0.4807E-01
  0.1800E+04  0.4546E-01  0.4876E-01
  0.1805E+04  0.4555E-01  0.4944E-01
  0.1810E+04  0.4561E-01  0.5011E-01
  0.1815E+04  0.4563E-01  0.5076E-01
  0.1820E+04  0.4563E-01  0.5140E-01
  0.1825E+04  0.4559E-01  0.5201E-01
  0.1830E+04  0.4552E-01  0.5260E-01
  0.1835E+04  0.4541E-01  0.5315E-01
  0.1840E+04  0.4528E-01  0.5368E-01
  0.1845E+04  0.4511E-01  0.5416E-01
  0.1850E+04  0.4491E-01  0.5461E-01
  0.1855E+04  0.4469E-01  0.5501E-01
  0.1860E+04  0.4444E-01  0.5536E-01
  0.1865E+04  0.4417E-01  0.5565E-01
  0.1870E+04  0.4389E-01  0.5588E-01
  0.1875E+04  0.4360E-01  0.5606E-01
  0.1880E+04  0.4331E-01  0.5617E-01
  0.1885E+04  0.4303E-01  0.5622E-01
  0.1890E+04  0.4275E-01  0.5621E-01
  0.1895E+04  0.4250E-01  0.5614E-01
  0.1900E+04  0.4227E-01  0.5601E-01
  0.1905E+04  0.4207E-01  0.5583E-01
  0.1910E+04  0.4190E-01  0.5560E-01
  0.1915E+04  0.4177E-01  0.5533E-01
  0.1920E+04  0.4169E-01  0.5502E-01
  0.1925E+04  0.4165E-01  0.5467E-01
  0.1930E+04  0.4166E-01  0.5430E-01
  0.1935E+04  0.4172E-01  0.5391E-01
  0.1940E+04  0.4182E-01  0.5351E-01
  0.1945E+04  0.4197E-01  0.5310E-01
  0.1950E+04  0.4216E-01  0.5268E-01
  0.1955E+04  0.4240E-01  0.5226E-01
  0.1960E+04  0.4267E-01  0.5185E-01
  0.1965E+04  0.4297E-01  0.5144E-01
  0.1970E+04  0.4331E-01  0.5105E-01
  0.1975E+04  0.4368E-01  0.5067E-01
  0.1980E+04  0.4407E-01  0.5030E-01
  0.1985E+04  0.4448E-01  0.4995E-01
  0.1990E+04  0.4491E-01  0.4961E-01
  0.1995E+04  0.4536E-01  0.4929E-01
  0.2000E+04  0.4581E-01  0.4899E-01
  0.2005E+04  0.4628E-01  0.4870E-01
  0.2010E+04  0.4676E-01  0.4843E-01
  0.2015E+04  0.4723E-01  0.4817E-01
  0.2020E+04  0.4772E-01  0.4793E-01
  0.2025E+04  0.4820E-01  0.4770E-01
  0.2030E+04  0.4868E-01  0.4749E-01
  0.2035E+04  0.4915E-01  0.4729E-01
  0.2040E+04  0.4962E-01  0.4710E-01
  0.2045E+04  0.5008E-01  0.4691E-01
  0.2050E+04  0.5054E-01  0.4674E-01
  0.2055E+04  0.5099E-01  0.4657E-01
  0.2060E+04  0.5142E-01  0.4640E-01
  0.2065E+04  0.5185E-01  0.4624E-01
  0.2070E+04  0.5227E-01  0.4607E-01
  0.2075E+04  0.5267E-01  0.4590E-01
  0.2080E+04  0.5307E-01  0.4573E-01
  0.2085E+04  0.5346E-01  0.4556E-01
  0.2090E+04  0.5385E-01  0.4538E-01
  0.2095E+04  0.5423E-01  0.4519E-01
  0.2100E+04  0.5460E-01  0.4499E-01
  0.2105E+04  0.5497E-01  0.4479E-01
  0.2110E+04  0.5534E-01  0.4458E-01
  0.2115E+04  0.5572E-01  0.4436E-01
  0.2120E+04  0.5609E-01  0.4413E-01
  0.2125E+04  0.5646E-01  0.4390E-01
  0.2130E+04  0.5684E-01  0.4367E-01
  0.2135E+04  0.5722E-01  0.4343E-01
  0.2140E+04  0.5760E-01  0.4319E-01
  0.2145E+04  0.5798E-01  0.4294E-01
  0.2150E+04  0.5837E-01  0.4270E-01
  0.2155E+04  0.5876E-01  0.4245E-01
  0.2160E+04  0.5914E-01  0.4220E-01
  0.2165E+04  0.5953E-01  0.4195E-01
  0.2170E+04  0.5992E-01  0.4170E-01
  0.2175E+04  0.6030E-01  0.4145E-01
  0.2180E+04  0.6069E-01  0.4120E-01
  0.2185E+04  0.6107E-01  0.4094E-01
  0.2190E+04  0.6146E-01  0.4068E-01
  0.2195E+04  0.6184E-01  0.4042E-01
  0.2200E+04  0.6223E-01  0.4015E-01
                   
   Partial-wave = P31
   W (MeV)   < MB (nf)|T| MB (ni) > 
  0.1615E+04  0.0000E+00  0.0000E+00
  0.1620E+04  0.0000E+00  0.0000E+00
  0.1625E+04  0.0000E+00  0.0000E+00
  0.1630E+04  0.0000E+00  0.0000E+00
  0.1635E+04  0.0000E+00  0.0000E+00
  0.1640E+04  0.0000E+00  0.0000E+00
  0.1645E+04  0.0000E+00  0.0000E+00
  0.1650E+04  0.0000E+00  0.0000E+00
  0.1655E+04  0.0000E+00  0.0000E+00
  0.1660E+04  0.0000E+00  0.0000E+00
  0.1665E+04  0.0000E+00  0.0000E+00
  0.1670E+04  0.0000E+00  0.0000E+00
  0.1675E+04  0.0000E+00  0.0000E+00
  0.1680E+04  0.0000E+00  0.0000E+00
  0.1685E+04  0.0000E+00  0.0000E+00
  0.1690E+04  0.0000E+00  0.0000E+00
  0.1695E+04  0.0000E+00  0.0000E+00
  0.1700E+04  0.0000E+00  0.0000E+00
  0.1705E+04  0.0000E+00  0.0000E+00
  0.1710E+04  0.0000E+00  0.0000E+00
  0.1715E+04  0.0000E+00  0.0000E+00
  0.1720E+04  0.0000E+00  0.0000E+00
  0.1725E+04  0.0000E+00  0.0000E+00
  0.1730E+04  0.0000E+00  0.0000E+00
  0.1735E+04  0.0000E+00  0.0000E+00
  0.1740E+04  0.0000E+00  0.0000E+00
  0.1745E+04  0.0000E+00  0.0000E+00
  0.1750E+04  0.0000E+00  0.0000E+00
  0.1755E+04  0.0000E+00  0.0000E+00
  0.1760E+04  0.0000E+00  0.0000E+00
  0.1765E+04  0.0000E+00  0.0000E+00
  0.1770E+04  0.0000E+00  0.0000E+00
  0.1775E+04  0.0000E+00  0.0000E+00
  0.1780E+04  0.0000E+00  0.0000E+00
  0.1785E+04  0.0000E+00  0.0000E+00
  0.1790E+04  0.0000E+00  0.0000E+00
  0.1795E+04  0.0000E+00  0.0000E+00
  0.1800E+04  0.0000E+00  0.0000E+00
  0.1805E+04  0.0000E+00  0.0000E+00
  0.1810E+04  0.0000E+00  0.0000E+00
  0.1815E+04  0.0000E+00  0.0000E+00
  0.1820E+04  0.0000E+00  0.0000E+00
  0.1825E+04  0.0000E+00  0.0000E+00
  0.1830E+04  0.0000E+00  0.0000E+00
  0.1835E+04  0.0000E+00  0.0000E+00
  0.1840E+04  0.0000E+00  0.0000E+00
  0.1845E+04  0.0000E+00  0.0000E+00
  0.1850E+04  0.0000E+00  0.0000E+00
  0.1855E+04  0.0000E+00  0.0000E+00
  0.1860E+04  0.0000E+00  0.0000E+00
  0.1865E+04  0.0000E+00  0.0000E+00
  0.1870E+04  0.0000E+00  0.0000E+00
  0.1875E+04  0.0000E+00  0.0000E+00
  0.1880E+04  0.0000E+00  0.0000E+00
  0.1885E+04  0.0000E+00  0.0000E+00
  0.1890E+04  0.0000E+00  0.0000E+00
  0.1895E+04  0.0000E+00  0.0000E+00
  0.1900E+04  0.0000E+00  0.0000E+00
  0.1905E+04  0.0000E+00  0.0000E+00
  0.1910E+04  0.0000E+00  0.0000E+00
  0.1915E+04  0.0000E+00  0.0000E+00
  0.1920E+04  0.0000E+00  0.0000E+00
  0.1925E+04  0.0000E+00  0.0000E+00
  0.1930E+04  0.0000E+00  0.0000E+00
  0.1935E+04  0.0000E+00  0.0000E+00
  0.1940E+04  0.0000E+00  0.0000E+00
  0.1945E+04  0.0000E+00  0.0000E+00
  0.1950E+04  0.0000E+00  0.0000E+00
  0.1955E+04  0.0000E+00  0.0000E+00
  0.1960E+04  0.0000E+00  0.0000E+00
  0.1965E+04  0.0000E+00  0.0000E+00
  0.1970E+04  0.0000E+00  0.0000E+00
  0.1975E+04  0.0000E+00  0.0000E+00
  0.1980E+04  0.0000E+00  0.0000E+00
  0.1985E+04  0.0000E+00  0.0000E+00
  0.1990E+04  0.0000E+00  0.0000E+00
  0.1995E+04  0.0000E+00  0.0000E+00
  0.2000E+04  0.0000E+00  0.0000E+00
  0.2005E+04  0.0000E+00  0.0000E+00
  0.2010E+04  0.0000E+00  0.0000E+00
  0.2015E+04  0.0000E+00  0.0000E+00
  0.2020E+04  0.0000E+00  0.0000E+00
  0.2025E+04  0.0000E+00  0.0000E+00
  0.2030E+04  0.0000E+00  0.0000E+00
  0.2035E+04  0.0000E+00  0.0000E+00
  0.2040E+04  0.0000E+00  0.0000E+00
  0.2045E+04  0.0000E+00  0.0000E+00
  0.2050E+04  0.0000E+00  0.0000E+00
  0.2055E+04  0.0000E+00  0.0000E+00
  0.2060E+04  0.0000E+00  0.0000E+00
  0.2065E+04  0.0000E+00  0.0000E+00
  0.2070E+04  0.0000E+00  0.0000E+00
  0.2075E+04  0.0000E+00  0.0000E+00
  0.2080E+04  0.0000E+00  0.0000E+00
  0.2085E+04  0.0000E+00  0.0000E+00
  0.2090E+04  0.0000E+00  0.0000E+00
  0.2095E+04  0.0000E+00  0.0000E+00
  0.2100E+04  0.0000E+00  0.0000E+00
  0.2105E+04  0.0000E+00  0.0000E+00
  0.2110E+04  0.0000E+00  0.0000E+00
  0.2115E+04  0.0000E+00  0.0000E+00
  0.2120E+04  0.0000E+00  0.0000E+00
  0.2125E+04  0.0000E+00  0.0000E+00
  0.2130E+04  0.0000E+00  0.0000E+00
  0.2135E+04  0.0000E+00  0.0000E+00
  0.2140E+04  0.0000E+00  0.0000E+00
  0.2145E+04  0.0000E+00  0.0000E+00
  0.2150E+04  0.0000E+00  0.0000E+00
  0.2155E+04  0.0000E+00  0.0000E+00
  0.2160E+04  0.0000E+00  0.0000E+00
  0.2165E+04  0.0000E+00  0.0000E+00
  0.2170E+04  0.0000E+00  0.0000E+00
  0.2175E+04  0.0000E+00  0.0000E+00
  0.2180E+04  0.0000E+00  0.0000E+00
  0.2185E+04  0.0000E+00  0.0000E+00
  0.2190E+04  0.0000E+00  0.0000E+00
  0.2195E+04  0.0000E+00  0.0000E+00
  0.2200E+04  0.0000E+00  0.0000E+00
                   
   Partial-wave = P33
   W (MeV)   < MB (nf)|T| MB (ni) > 
  0.1615E+04  0.0000E+00  0.0000E+00
  0.1620E+04  0.0000E+00  0.0000E+00
  0.1625E+04  0.0000E+00  0.0000E+00
  0.1630E+04  0.0000E+00  0.0000E+00
  0.1635E+04  0.0000E+00  0.0000E+00
  0.1640E+04  0.0000E+00  0.0000E+00
  0.1645E+04  0.0000E+00  0.0000E+00
  0.1650E+04  0.0000E+00  0.0000E+00
  0.1655E+04  0.0000E+00  0.0000E+00
  0.1660E+04  0.0000E+00  0.0000E+00
  0.1665E+04  0.0000E+00  0.0000E+00
  0.1670E+04  0.0000E+00  0.0000E+00
  0.1675E+04  0.0000E+00  0.0000E+00
  0.1680E+04  0.0000E+00  0.0000E+00
  0.1685E+04  0.0000E+00  0.0000E+00
  0.1690E+04  0.0000E+00  0.0000E+00
  0.1695E+04  0.0000E+00  0.0000E+00
  0.1700E+04  0.0000E+00  0.0000E+00
  0.1705E+04  0.0000E+00  0.0000E+00
  0.1710E+04  0.0000E+00  0.0000E+00
  0.1715E+04  0.0000E+00  0.0000E+00
  0.1720E+04  0.0000E+00  0.0000E+00
  0.1725E+04  0.0000E+00  0.0000E+00
  0.1730E+04  0.0000E+00  0.0000E+00
  0.1735E+04  0.0000E+00  0.0000E+00
  0.1740E+04  0.0000E+00  0.0000E+00
  0.1745E+04  0.0000E+00  0.0000E+00
  0.1750E+04  0.0000E+00  0.0000E+00
  0.1755E+04  0.0000E+00  0.0000E+00
  0.1760E+04  0.0000E+00  0.0000E+00
  0.1765E+04  0.0000E+00  0.0000E+00
  0.1770E+04  0.0000E+00  0.0000E+00
  0.1775E+04  0.0000E+00  0.0000E+00
  0.1780E+04  0.0000E+00  0.0000E+00
  0.1785E+04  0.0000E+00  0.0000E+00
  0.1790E+04  0.0000E+00  0.0000E+00
  0.1795E+04  0.0000E+00  0.0000E+00
  0.1800E+04  0.0000E+00  0.0000E+00
  0.1805E+04  0.0000E+00  0.0000E+00
  0.1810E+04  0.0000E+00  0.0000E+00
  0.1815E+04  0.0000E+00  0.0000E+00
  0.1820E+04  0.0000E+00  0.0000E+00
  0.1825E+04  0.0000E+00  0.0000E+00
  0.1830E+04  0.0000E+00  0.0000E+00
  0.1835E+04  0.0000E+00  0.0000E+00
  0.1840E+04  0.0000E+00  0.0000E+00
  0.1845E+04  0.0000E+00  0.0000E+00
  0.1850E+04  0.0000E+00  0.0000E+00
  0.1855E+04  0.0000E+00  0.0000E+00
  0.1860E+04  0.0000E+00  0.0000E+00
  0.1865E+04  0.0000E+00  0.0000E+00
  0.1870E+04  0.0000E+00  0.0000E+00
  0.1875E+04  0.0000E+00  0.0000E+00
  0.1880E+04  0.0000E+00  0.0000E+00
  0.1885E+04  0.0000E+00  0.0000E+00
  0.1890E+04  0.0000E+00  0.0000E+00
  0.1895E+04  0.0000E+00  0.0000E+00
  0.1900E+04  0.0000E+00  0.0000E+00
  0.1905E+04  0.0000E+00  0.0000E+00
  0.1910E+04  0.0000E+00  0.0000E+00
  0.1915E+04  0.0000E+00  0.0000E+00
  0.1920E+04  0.0000E+00  0.0000E+00
  0.1925E+04  0.0000E+00  0.0000E+00
  0.1930E+04  0.0000E+00  0.0000E+00
  0.1935E+04  0.0000E+00  0.0000E+00
  0.1940E+04  0.0000E+00  0.0000E+00
  0.1945E+04  0.0000E+00  0.0000E+00
  0.1950E+04  0.0000E+00  0.0000E+00
  0.1955E+04  0.0000E+00  0.0000E+00
  0.1960E+04  0.0000E+00  0.0000E+00
  0.1965E+04  0.0000E+00  0.0000E+00
  0.1970E+04  0.0000E+00  0.0000E+00
  0.1975E+04  0.0000E+00  0.0000E+00
  0.1980E+04  0.0000E+00  0.0000E+00
  0.1985E+04  0.0000E+00  0.0000E+00
  0.1990E+04  0.0000E+00  0.0000E+00
  0.1995E+04  0.0000E+00  0.0000E+00
  0.2000E+04  0.0000E+00  0.0000E+00
  0.2005E+04  0.0000E+00  0.0000E+00
  0.2010E+04  0.0000E+00  0.0000E+00
  0.2015E+04  0.0000E+00  0.0000E+00
  0.2020E+04  0.0000E+00  0.0000E+00
  0.2025E+04  0.0000E+00  0.0000E+00
  0.2030E+04  0.0000E+00  0.0000E+00
  0.2035E+04  0.0000E+00  0.0000E+00
  0.2040E+04  0.0000E+00  0.0000E+00
  0.2045E+04  0.0000E+00  0.0000E+00
  0.2050E+04  0.0000E+00  0.0000E+00
  0.2055E+04  0.0000E+00  0.0000E+00
  0.2060E+04  0.0000E+00  0.0000E+00
  0.2065E+04  0.0000E+00  0.0000E+00
  0.2070E+04  0.0000E+00  0.0000E+00
  0.2075E+04  0.0000E+00  0.0000E+00
  0.2080E+04  0.0000E+00  0.0000E+00
  0.2085E+04  0.0000E+00  0.0000E+00
  0.2090E+04  0.0000E+00  0.0000E+00
  0.2095E+04  0.0000E+00  0.0000E+00
  0.2100E+04  0.0000E+00  0.0000E+00
  0.2105E+04  0.0000E+00  0.0000E+00
  0.2110E+04  0.0000E+00  0.0000E+00
  0.2115E+04  0.0000E+00  0.0000E+00
  0.2120E+04  0.0000E+00  0.0000E+00
  0.2125E+04  0.0000E+00  0.0000E+00
  0.2130E+04  0.0000E+00  0.0000E+00
  0.2135E+04  0.0000E+00  0.0000E+00
  0.2140E+04  0.0000E+00  0.0000E+00
  0.2145E+04  0.0000E+00  0.0000E+00
  0.2150E+04  0.0000E+00  0.0000E+00
  0.2155E+04  0.0000E+00  0.0000E+00
  0.2160E+04  0.0000E+00  0.0000E+00
  0.2165E+04  0.0000E+00  0.0000E+00
  0.2170E+04  0.0000E+00  0.0000E+00
  0.2175E+04  0.0000E+00  0.0000E+00
  0.2180E+04  0.0000E+00  0.0000E+00
  0.2185E+04  0.0000E+00  0.0000E+00
  0.2190E+04  0.0000E+00  0.0000E+00
  0.2195E+04  0.0000E+00  0.0000E+00
  0.2200E+04  0.0000E+00  0.0000E+00
                   
   Partial-wave = D13
   W (MeV)   < MB (nf)|T| MB (ni) > 
  0.1615E+04 -0.8147E-03  0.7124E-03
  0.1620E+04 -0.2038E-02  0.1750E-02
  0.1625E+04 -0.3328E-02  0.2814E-02
  0.1630E+04 -0.4616E-02  0.3851E-02
  0.1635E+04 -0.5868E-02  0.4842E-02
  0.1640E+04 -0.7065E-02  0.5779E-02
  0.1645E+04 -0.8194E-02  0.6659E-02
  0.1650E+04 -0.9249E-02  0.7483E-02
  0.1655E+04 -0.1022E-01  0.8254E-02
  0.1660E+04 -0.1112E-01  0.8977E-02
  0.1665E+04 -0.1193E-01  0.9654E-02
  0.1670E+04 -0.1266E-01  0.1029E-01
  0.1675E+04 -0.1331E-01  0.1090E-01
  0.1680E+04 -0.1388E-01  0.1147E-01
  0.1685E+04 -0.1437E-01  0.1202E-01
  0.1690E+04 -0.1479E-01  0.1255E-01
  0.1695E+04 -0.1514E-01  0.1306E-01
  0.1700E+04 -0.1542E-01  0.1356E-01
  0.1705E+04 -0.1564E-01  0.1405E-01
  0.1710E+04 -0.1581E-01  0.1453E-01
  0.1715E+04 -0.1592E-01  0.1501E-01
  0.1720E+04 -0.1597E-01  0.1548E-01
  0.1725E+04 -0.1599E-01  0.1596E-01
  0.1730E+04 -0.1596E-01  0.1643E-01
  0.1735E+04 -0.1589E-01  0.1691E-01
  0.1740E+04 -0.1579E-01  0.1738E-01
  0.1745E+04 -0.1565E-01  0.1786E-01
  0.1750E+04 -0.1549E-01  0.1834E-01
  0.1755E+04 -0.1530E-01  0.1883E-01
  0.1760E+04 -0.1509E-01  0.1931E-01
  0.1765E+04 -0.1486E-01  0.1980E-01
  0.1770E+04 -0.1461E-01  0.2029E-01
  0.1775E+04 -0.1435E-01  0.2079E-01
  0.1780E+04 -0.1408E-01  0.2128E-01
  0.1785E+04 -0.1380E-01  0.2178E-01
  0.1790E+04 -0.1351E-01  0.2227E-01
  0.1795E+04 -0.1322E-01  0.2276E-01
  0.1800E+04 -0.1292E-01  0.2325E-01
  0.1805E+04 -0.1262E-01  0.2373E-01
  0.1810E+04 -0.1233E-01  0.2421E-01
  0.1815E+04 -0.1203E-01  0.2468E-01
  0.1820E+04 -0.1174E-01  0.2514E-01
  0.1825E+04 -0.1145E-01  0.2559E-01
  0.1830E+04 -0.1117E-01  0.2602E-01
  0.1835E+04 -0.1089E-01  0.2644E-01
  0.1840E+04 -0.1061E-01  0.2685E-01
  0.1845E+04 -0.1034E-01  0.2724E-01
  0.1850E+04 -0.1008E-01  0.2761E-01
  0.1855E+04 -0.9817E-02  0.2796E-01
  0.1860E+04 -0.9564E-02  0.2829E-01
  0.1865E+04 -0.9316E-02  0.2859E-01
  0.1870E+04 -0.9072E-02  0.2887E-01
  0.1875E+04 -0.8833E-02  0.2912E-01
  0.1880E+04 -0.8597E-02  0.2934E-01
  0.1885E+04 -0.8363E-02  0.2954E-01
  0.1890E+04 -0.8130E-02  0.2970E-01
  0.1895E+04 -0.7896E-02  0.2983E-01
  0.1900E+04 -0.7660E-02  0.2993E-01
  0.1905E+04 -0.7419E-02  0.2999E-01
  0.1910E+04 -0.7172E-02  0.3002E-01
  0.1915E+04 -0.6915E-02  0.3001E-01
  0.1920E+04 -0.6647E-02  0.2997E-01
  0.1925E+04 -0.6365E-02  0.2989E-01
  0.1930E+04 -0.6067E-02  0.2978E-01
  0.1935E+04 -0.5750E-02  0.2964E-01
  0.1940E+04 -0.5413E-02  0.2946E-01
  0.1945E+04 -0.5053E-02  0.2926E-01
  0.1950E+04 -0.4670E-02  0.2903E-01
  0.1955E+04 -0.4261E-02  0.2877E-01
  0.1960E+04 -0.3826E-02  0.2849E-01
  0.1965E+04 -0.3364E-02  0.2819E-01
  0.1970E+04 -0.2876E-02  0.2787E-01
  0.1975E+04 -0.2360E-02  0.2753E-01
  0.1980E+04 -0.1818E-02  0.2717E-01
  0.1985E+04 -0.1249E-02  0.2680E-01
  0.1990E+04 -0.6536E-03  0.2642E-01
  0.1995E+04 -0.3290E-04  0.2602E-01
  0.2000E+04  0.6129E-03  0.2562E-01
  0.2005E+04  0.1283E-02  0.2520E-01
  0.2010E+04  0.1978E-02  0.2477E-01
  0.2015E+04  0.2697E-02  0.2433E-01
  0.2020E+04  0.3441E-02  0.2388E-01
  0.2025E+04  0.4209E-02  0.2341E-01
  0.2030E+04  0.5003E-02  0.2294E-01
  0.2035E+04  0.5823E-02  0.2245E-01
  0.2040E+04  0.6671E-02  0.2195E-01
  0.2045E+04  0.7549E-02  0.2144E-01
  0.2050E+04  0.8458E-02  0.2092E-01
  0.2055E+04  0.9401E-02  0.2038E-01
  0.2060E+04  0.1038E-01  0.1984E-01
  0.2065E+04  0.1140E-01  0.1929E-01
  0.2070E+04  0.1246E-01  0.1872E-01
  0.2075E+04  0.1356E-01  0.1816E-01
  0.2080E+04  0.1470E-01  0.1759E-01
  0.2085E+04  0.1590E-01  0.1703E-01
  0.2090E+04  0.1715E-01  0.1647E-01
  0.2095E+04  0.1844E-01  0.1592E-01
  0.2100E+04  0.1979E-01  0.1539E-01
  0.2105E+04  0.2119E-01  0.1487E-01
  0.2110E+04  0.2264E-01  0.1439E-01
  0.2115E+04  0.2414E-01  0.1393E-01
  0.2120E+04  0.2568E-01  0.1351E-01
  0.2125E+04  0.2728E-01  0.1313E-01
  0.2130E+04  0.2891E-01  0.1279E-01
  0.2135E+04  0.3058E-01  0.1251E-01
  0.2140E+04  0.3229E-01  0.1228E-01
  0.2145E+04  0.3403E-01  0.1210E-01
  0.2150E+04  0.3579E-01  0.1199E-01
  0.2155E+04  0.3756E-01  0.1194E-01
  0.2160E+04  0.3935E-01  0.1196E-01
  0.2165E+04  0.4114E-01  0.1205E-01
  0.2170E+04  0.4293E-01  0.1219E-01
  0.2175E+04  0.4471E-01  0.1241E-01
  0.2180E+04  0.4648E-01  0.1269E-01
  0.2185E+04  0.4822E-01  0.1303E-01
  0.2190E+04  0.4994E-01  0.1342E-01
  0.2195E+04  0.5163E-01  0.1387E-01
  0.2200E+04  0.5328E-01  0.1437E-01
                   
   Partial-wave = D15
   W (MeV)   < MB (nf)|T| MB (ni) > 
  0.1615E+04 -0.4506E-06 -0.2749E-04
  0.1620E+04 -0.1123E-04 -0.9232E-04
  0.1625E+04 -0.3254E-04 -0.1962E-03
  0.1630E+04 -0.5971E-04 -0.3451E-03
  0.1635E+04 -0.8513E-04 -0.5440E-03
  0.1640E+04 -0.9892E-04 -0.7955E-03
  0.1645E+04 -0.8985E-04 -0.1099E-02
  0.1650E+04 -0.4649E-04 -0.1452E-02
  0.1655E+04  0.4136E-04 -0.1845E-02
  0.1660E+04  0.1814E-03 -0.2268E-02
  0.1665E+04  0.3780E-03 -0.2710E-02
  0.1670E+04  0.6317E-03 -0.3157E-02
  0.1675E+04  0.9395E-03 -0.3598E-02
  0.1680E+04  0.1296E-02 -0.4022E-02
  0.1685E+04  0.1693E-02 -0.4423E-02
  0.1690E+04  0.2123E-02 -0.4796E-02
  0.1695E+04  0.2578E-02 -0.5138E-02
  0.1700E+04  0.3051E-02 -0.5449E-02
  0.1705E+04  0.3534E-02 -0.5730E-02
  0.1710E+04  0.4024E-02 -0.5982E-02
  0.1715E+04  0.4515E-02 -0.6208E-02
  0.1720E+04  0.5004E-02 -0.6411E-02
  0.1725E+04  0.5490E-02 -0.6594E-02
  0.1730E+04  0.5970E-02 -0.6758E-02
  0.1735E+04  0.6443E-02 -0.6906E-02
  0.1740E+04  0.6909E-02 -0.7039E-02
  0.1745E+04  0.7367E-02 -0.7161E-02
  0.1750E+04  0.7816E-02 -0.7272E-02
  0.1755E+04  0.8256E-02 -0.7373E-02
  0.1760E+04  0.8687E-02 -0.7467E-02
  0.1765E+04  0.9110E-02 -0.7554E-02
  0.1770E+04  0.9524E-02 -0.7635E-02
  0.1775E+04  0.9929E-02 -0.7711E-02
  0.1780E+04  0.1033E-01 -0.7783E-02
  0.1785E+04  0.1072E-01 -0.7852E-02
  0.1790E+04  0.1110E-01 -0.7918E-02
  0.1795E+04  0.1147E-01 -0.7981E-02
  0.1800E+04  0.1183E-01 -0.8043E-02
  0.1805E+04  0.1219E-01 -0.8103E-02
  0.1810E+04  0.1254E-01 -0.8162E-02
  0.1815E+04  0.1288E-01 -0.8221E-02
  0.1820E+04  0.1321E-01 -0.8280E-02
  0.1825E+04  0.1354E-01 -0.8339E-02
  0.1830E+04  0.1386E-01 -0.8398E-02
  0.1835E+04  0.1418E-01 -0.8459E-02
  0.1840E+04  0.1448E-01 -0.8521E-02
  0.1845E+04  0.1478E-01 -0.8584E-02
  0.1850E+04  0.1507E-01 -0.8649E-02
  0.1855E+04  0.1536E-01 -0.8717E-02
  0.1860E+04  0.1564E-01 -0.8787E-02
  0.1865E+04  0.1591E-01 -0.8861E-02
  0.1870E+04  0.1618E-01 -0.8937E-02
  0.1875E+04  0.1644E-01 -0.9018E-02
  0.1880E+04  0.1670E-01 -0.9102E-02
  0.1885E+04  0.1695E-01 -0.9191E-02
  0.1890E+04  0.1719E-01 -0.9284E-02
  0.1895E+04  0.1743E-01 -0.9382E-02
  0.1900E+04  0.1766E-01 -0.9485E-02
  0.1905E+04  0.1789E-01 -0.9593E-02
  0.1910E+04  0.1812E-01 -0.9707E-02
  0.1915E+04  0.1834E-01 -0.9826E-02
  0.1920E+04  0.1855E-01 -0.9952E-02
  0.1925E+04  0.1876E-01 -0.1008E-01
  0.1930E+04  0.1896E-01 -0.1022E-01
  0.1935E+04  0.1917E-01 -0.1037E-01
  0.1940E+04  0.1936E-01 -0.1052E-01
  0.1945E+04  0.1956E-01 -0.1068E-01
  0.1950E+04  0.1975E-01 -0.1085E-01
  0.1955E+04  0.1993E-01 -0.1103E-01
  0.1960E+04  0.2012E-01 -0.1121E-01
  0.1965E+04  0.2030E-01 -0.1141E-01
  0.1970E+04  0.2048E-01 -0.1162E-01
  0.1975E+04  0.2065E-01 -0.1183E-01
  0.1980E+04  0.2083E-01 -0.1206E-01
  0.1985E+04  0.2101E-01 -0.1229E-01
  0.1990E+04  0.2118E-01 -0.1254E-01
  0.1995E+04  0.2136E-01 -0.1280E-01
  0.2000E+04  0.2154E-01 -0.1307E-01
  0.2005E+04  0.2172E-01 -0.1335E-01
  0.2010E+04  0.2190E-01 -0.1364E-01
  0.2015E+04  0.2209E-01 -0.1394E-01
  0.2020E+04  0.2228E-01 -0.1425E-01
  0.2025E+04  0.2248E-01 -0.1458E-01
  0.2030E+04  0.2269E-01 -0.1491E-01
  0.2035E+04  0.2290E-01 -0.1526E-01
  0.2040E+04  0.2312E-01 -0.1561E-01
  0.2045E+04  0.2334E-01 -0.1597E-01
  0.2050E+04  0.2357E-01 -0.1635E-01
  0.2055E+04  0.2382E-01 -0.1673E-01
  0.2060E+04  0.2407E-01 -0.1712E-01
  0.2065E+04  0.2433E-01 -0.1752E-01
  0.2070E+04  0.2460E-01 -0.1792E-01
  0.2075E+04  0.2489E-01 -0.1834E-01
  0.2080E+04  0.2518E-01 -0.1875E-01
  0.2085E+04  0.2549E-01 -0.1918E-01
  0.2090E+04  0.2581E-01 -0.1961E-01
  0.2095E+04  0.2614E-01 -0.2005E-01
  0.2100E+04  0.2648E-01 -0.2049E-01
  0.2105E+04  0.2684E-01 -0.2094E-01
  0.2110E+04  0.2721E-01 -0.2139E-01
  0.2115E+04  0.2759E-01 -0.2184E-01
  0.2120E+04  0.2799E-01 -0.2230E-01
  0.2125E+04  0.2840E-01 -0.2276E-01
  0.2130E+04  0.2883E-01 -0.2322E-01
  0.2135E+04  0.2927E-01 -0.2368E-01
  0.2140E+04  0.2973E-01 -0.2414E-01
  0.2145E+04  0.3021E-01 -0.2461E-01
  0.2150E+04  0.3070E-01 -0.2506E-01
  0.2155E+04  0.3121E-01 -0.2552E-01
  0.2160E+04  0.3173E-01 -0.2597E-01
  0.2165E+04  0.3228E-01 -0.2641E-01
  0.2170E+04  0.3283E-01 -0.2685E-01
  0.2175E+04  0.3340E-01 -0.2728E-01
  0.2180E+04  0.3399E-01 -0.2770E-01
  0.2185E+04  0.3459E-01 -0.2811E-01
  0.2190E+04  0.3519E-01 -0.2850E-01
  0.2195E+04  0.3581E-01 -0.2889E-01
  0.2200E+04  0.3643E-01 -0.2926E-01
                   
   Partial-wave = D33
   W (MeV)   < MB (nf)|T| MB (ni) > 
  0.1615E+04  0.0000E+00  0.0000E+00
  0.1620E+04  0.0000E+00  0.0000E+00
  0.1625E+04  0.0000E+00  0.0000E+00
  0.1630E+04  0.0000E+00  0.0000E+00
  0.1635E+04  0.0000E+00  0.0000E+00
  0.1640E+04  0.0000E+00  0.0000E+00
  0.1645E+04  0.0000E+00  0.0000E+00
  0.1650E+04  0.0000E+00  0.0000E+00
  0.1655E+04  0.0000E+00  0.0000E+00
  0.1660E+04  0.0000E+00  0.0000E+00
  0.1665E+04  0.0000E+00  0.0000E+00
  0.1670E+04  0.0000E+00  0.0000E+00
  0.1675E+04  0.0000E+00  0.0000E+00
  0.1680E+04  0.0000E+00  0.0000E+00
  0.1685E+04  0.0000E+00  0.0000E+00
  0.1690E+04  0.0000E+00  0.0000E+00
  0.1695E+04  0.0000E+00  0.0000E+00
  0.1700E+04  0.0000E+00  0.0000E+00
  0.1705E+04  0.0000E+00  0.0000E+00
  0.1710E+04  0.0000E+00  0.0000E+00
  0.1715E+04  0.0000E+00  0.0000E+00
  0.1720E+04  0.0000E+00  0.0000E+00
  0.1725E+04  0.0000E+00  0.0000E+00
  0.1730E+04  0.0000E+00  0.0000E+00
  0.1735E+04  0.0000E+00  0.0000E+00
  0.1740E+04  0.0000E+00  0.0000E+00
  0.1745E+04  0.0000E+00  0.0000E+00
  0.1750E+04  0.0000E+00  0.0000E+00
  0.1755E+04  0.0000E+00  0.0000E+00
  0.1760E+04  0.0000E+00  0.0000E+00
  0.1765E+04  0.0000E+00  0.0000E+00
  0.1770E+04  0.0000E+00  0.0000E+00
  0.1775E+04  0.0000E+00  0.0000E+00
  0.1780E+04  0.0000E+00  0.0000E+00
  0.1785E+04  0.0000E+00  0.0000E+00
  0.1790E+04  0.0000E+00  0.0000E+00
  0.1795E+04  0.0000E+00  0.0000E+00
  0.1800E+04  0.0000E+00  0.0000E+00
  0.1805E+04  0.0000E+00  0.0000E+00
  0.1810E+04  0.0000E+00  0.0000E+00
  0.1815E+04  0.0000E+00  0.0000E+00
  0.1820E+04  0.0000E+00  0.0000E+00
  0.1825E+04  0.0000E+00  0.0000E+00
  0.1830E+04  0.0000E+00  0.0000E+00
  0.1835E+04  0.0000E+00  0.0000E+00
  0.1840E+04  0.0000E+00  0.0000E+00
  0.1845E+04  0.0000E+00  0.0000E+00
  0.1850E+04  0.0000E+00  0.0000E+00
  0.1855E+04  0.0000E+00  0.0000E+00
  0.1860E+04  0.0000E+00  0.0000E+00
  0.1865E+04  0.0000E+00  0.0000E+00
  0.1870E+04  0.0000E+00  0.0000E+00
  0.1875E+04  0.0000E+00  0.0000E+00
  0.1880E+04  0.0000E+00  0.0000E+00
  0.1885E+04  0.0000E+00  0.0000E+00
  0.1890E+04  0.0000E+00  0.0000E+00
  0.1895E+04  0.0000E+00  0.0000E+00
  0.1900E+04  0.0000E+00  0.0000E+00
  0.1905E+04  0.0000E+00  0.0000E+00
  0.1910E+04  0.0000E+00  0.0000E+00
  0.1915E+04  0.0000E+00  0.0000E+00
  0.1920E+04  0.0000E+00  0.0000E+00
  0.1925E+04  0.0000E+00  0.0000E+00
  0.1930E+04  0.0000E+00  0.0000E+00
  0.1935E+04  0.0000E+00  0.0000E+00
  0.1940E+04  0.0000E+00  0.0000E+00
  0.1945E+04  0.0000E+00  0.0000E+00
  0.1950E+04  0.0000E+00  0.0000E+00
  0.1955E+04  0.0000E+00  0.0000E+00
  0.1960E+04  0.0000E+00  0.0000E+00
  0.1965E+04  0.0000E+00  0.0000E+00
  0.1970E+04  0.0000E+00  0.0000E+00
  0.1975E+04  0.0000E+00  0.0000E+00
  0.1980E+04  0.0000E+00  0.0000E+00
  0.1985E+04  0.0000E+00  0.0000E+00
  0.1990E+04  0.0000E+00  0.0000E+00
  0.1995E+04  0.0000E+00  0.0000E+00
  0.2000E+04  0.0000E+00  0.0000E+00
  0.2005E+04  0.0000E+00  0.0000E+00
  0.2010E+04  0.0000E+00  0.0000E+00
  0.2015E+04  0.0000E+00  0.0000E+00
  0.2020E+04  0.0000E+00  0.0000E+00
  0.2025E+04  0.0000E+00  0.0000E+00
  0.2030E+04  0.0000E+00  0.0000E+00
  0.2035E+04  0.0000E+00  0.0000E+00
  0.2040E+04  0.0000E+00  0.0000E+00
  0.2045E+04  0.0000E+00  0.0000E+00
  0.2050E+04  0.0000E+00  0.0000E+00
  0.2055E+04  0.0000E+00  0.0000E+00
  0.2060E+04  0.0000E+00  0.0000E+00
  0.2065E+04  0.0000E+00  0.0000E+00
  0.2070E+04  0.0000E+00  0.0000E+00
  0.2075E+04  0.0000E+00  0.0000E+00
  0.2080E+04  0.0000E+00  0.0000E+00
  0.2085E+04  0.0000E+00  0.0000E+00
  0.2090E+04  0.0000E+00  0.0000E+00
  0.2095E+04  0.0000E+00  0.0000E+00
  0.2100E+04  0.0000E+00  0.0000E+00
  0.2105E+04  0.0000E+00  0.0000E+00
  0.2110E+04  0.0000E+00  0.0000E+00
  0.2115E+04  0.0000E+00  0.0000E+00
  0.2120E+04  0.0000E+00  0.0000E+00
  0.2125E+04  0.0000E+00  0.0000E+00
  0.2130E+04  0.0000E+00  0.0000E+00
  0.2135E+04  0.0000E+00  0.0000E+00
  0.2140E+04  0.0000E+00  0.0000E+00
  0.2145E+04  0.0000E+00  0.0000E+00
  0.2150E+04  0.0000E+00  0.0000E+00
  0.2155E+04  0.0000E+00  0.0000E+00
  0.2160E+04  0.0000E+00  0.0000E+00
  0.2165E+04  0.0000E+00  0.0000E+00
  0.2170E+04  0.0000E+00  0.0000E+00
  0.2175E+04  0.0000E+00  0.0000E+00
  0.2180E+04  0.0000E+00  0.0000E+00
  0.2185E+04  0.0000E+00  0.0000E+00
  0.2190E+04  0.0000E+00  0.0000E+00
  0.2195E+04  0.0000E+00  0.0000E+00
  0.2200E+04  0.0000E+00  0.0000E+00
                   
   Partial-wave = D35
   W (MeV)   < MB (nf)|T| MB (ni) > 
  0.1615E+04  0.0000E+00  0.0000E+00
  0.1620E+04  0.0000E+00  0.0000E+00
  0.1625E+04  0.0000E+00  0.0000E+00
  0.1630E+04  0.0000E+00  0.0000E+00
  0.1635E+04  0.0000E+00  0.0000E+00
  0.1640E+04  0.0000E+00  0.0000E+00
  0.1645E+04  0.0000E+00  0.0000E+00
  0.1650E+04  0.0000E+00  0.0000E+00
  0.1655E+04  0.0000E+00  0.0000E+00
  0.1660E+04  0.0000E+00  0.0000E+00
  0.1665E+04  0.0000E+00  0.0000E+00
  0.1670E+04  0.0000E+00  0.0000E+00
  0.1675E+04  0.0000E+00  0.0000E+00
  0.1680E+04  0.0000E+00  0.0000E+00
  0.1685E+04  0.0000E+00  0.0000E+00
  0.1690E+04  0.0000E+00  0.0000E+00
  0.1695E+04  0.0000E+00  0.0000E+00
  0.1700E+04  0.0000E+00  0.0000E+00
  0.1705E+04  0.0000E+00  0.0000E+00
  0.1710E+04  0.0000E+00  0.0000E+00
  0.1715E+04  0.0000E+00  0.0000E+00
  0.1720E+04  0.0000E+00  0.0000E+00
  0.1725E+04  0.0000E+00  0.0000E+00
  0.1730E+04  0.0000E+00  0.0000E+00
  0.1735E+04  0.0000E+00  0.0000E+00
  0.1740E+04  0.0000E+00  0.0000E+00
  0.1745E+04  0.0000E+00  0.0000E+00
  0.1750E+04  0.0000E+00  0.0000E+00
  0.1755E+04  0.0000E+00  0.0000E+00
  0.1760E+04  0.0000E+00  0.0000E+00
  0.1765E+04  0.0000E+00  0.0000E+00
  0.1770E+04  0.0000E+00  0.0000E+00
  0.1775E+04  0.0000E+00  0.0000E+00
  0.1780E+04  0.0000E+00  0.0000E+00
  0.1785E+04  0.0000E+00  0.0000E+00
  0.1790E+04  0.0000E+00  0.0000E+00
  0.1795E+04  0.0000E+00  0.0000E+00
  0.1800E+04  0.0000E+00  0.0000E+00
  0.1805E+04  0.0000E+00  0.0000E+00
  0.1810E+04  0.0000E+00  0.0000E+00
  0.1815E+04  0.0000E+00  0.0000E+00
  0.1820E+04  0.0000E+00  0.0000E+00
  0.1825E+04  0.0000E+00  0.0000E+00
  0.1830E+04  0.0000E+00  0.0000E+00
  0.1835E+04  0.0000E+00  0.0000E+00
  0.1840E+04  0.0000E+00  0.0000E+00
  0.1845E+04  0.0000E+00  0.0000E+00
  0.1850E+04  0.0000E+00  0.0000E+00
  0.1855E+04  0.0000E+00  0.0000E+00
  0.1860E+04  0.0000E+00  0.0000E+00
  0.1865E+04  0.0000E+00  0.0000E+00
  0.1870E+04  0.0000E+00  0.0000E+00
  0.1875E+04  0.0000E+00  0.0000E+00
  0.1880E+04  0.0000E+00  0.0000E+00
  0.1885E+04  0.0000E+00  0.0000E+00
  0.1890E+04  0.0000E+00  0.0000E+00
  0.1895E+04  0.0000E+00  0.0000E+00
  0.1900E+04  0.0000E+00  0.0000E+00
  0.1905E+04  0.0000E+00  0.0000E+00
  0.1910E+04  0.0000E+00  0.0000E+00
  0.1915E+04  0.0000E+00  0.0000E+00
  0.1920E+04  0.0000E+00  0.0000E+00
  0.1925E+04  0.0000E+00  0.0000E+00
  0.1930E+04  0.0000E+00  0.0000E+00
  0.1935E+04  0.0000E+00  0.0000E+00
  0.1940E+04  0.0000E+00  0.0000E+00
  0.1945E+04  0.0000E+00  0.0000E+00
  0.1950E+04  0.0000E+00  0.0000E+00
  0.1955E+04  0.0000E+00  0.0000E+00
  0.1960E+04  0.0000E+00  0.0000E+00
  0.1965E+04  0.0000E+00  0.0000E+00
  0.1970E+04  0.0000E+00  0.0000E+00
  0.1975E+04  0.0000E+00  0.0000E+00
  0.1980E+04  0.0000E+00  0.0000E+00
  0.1985E+04  0.0000E+00  0.0000E+00
  0.1990E+04  0.0000E+00  0.0000E+00
  0.1995E+04  0.0000E+00  0.0000E+00
  0.2000E+04  0.0000E+00  0.0000E+00
  0.2005E+04  0.0000E+00  0.0000E+00
  0.2010E+04  0.0000E+00  0.0000E+00
  0.2015E+04  0.0000E+00  0.0000E+00
  0.2020E+04  0.0000E+00  0.0000E+00
  0.2025E+04  0.0000E+00  0.0000E+00
  0.2030E+04  0.0000E+00  0.0000E+00
  0.2035E+04  0.0000E+00  0.0000E+00
  0.2040E+04  0.0000E+00  0.0000E+00
  0.2045E+04  0.0000E+00  0.0000E+00
  0.2050E+04  0.0000E+00  0.0000E+00
  0.2055E+04  0.0000E+00  0.0000E+00
  0.2060E+04  0.0000E+00  0.0000E+00
  0.2065E+04  0.0000E+00  0.0000E+00
  0.2070E+04  0.0000E+00  0.0000E+00
  0.2075E+04  0.0000E+00  0.0000E+00
  0.2080E+04  0.0000E+00  0.0000E+00
  0.2085E+04  0.0000E+00  0.0000E+00
  0.2090E+04  0.0000E+00  0.0000E+00
  0.2095E+04  0.0000E+00  0.0000E+00
  0.2100E+04  0.0000E+00  0.0000E+00
  0.2105E+04  0.0000E+00  0.0000E+00
  0.2110E+04  0.0000E+00  0.0000E+00
  0.2115E+04  0.0000E+00  0.0000E+00
  0.2120E+04  0.0000E+00  0.0000E+00
  0.2125E+04  0.0000E+00  0.0000E+00
  0.2130E+04  0.0000E+00  0.0000E+00
  0.2135E+04  0.0000E+00  0.0000E+00
  0.2140E+04  0.0000E+00  0.0000E+00
  0.2145E+04  0.0000E+00  0.0000E+00
  0.2150E+04  0.0000E+00  0.0000E+00
  0.2155E+04  0.0000E+00  0.0000E+00
  0.2160E+04  0.0000E+00  0.0000E+00
  0.2165E+04  0.0000E+00  0.0000E+00
  0.2170E+04  0.0000E+00  0.0000E+00
  0.2175E+04  0.0000E+00  0.0000E+00
  0.2180E+04  0.0000E+00  0.0000E+00
  0.2185E+04  0.0000E+00  0.0000E+00
  0.2190E+04  0.0000E+00  0.0000E+00
  0.2195E+04  0.0000E+00  0.0000E+00
  0.2200E+04  0.0000E+00  0.0000E+00
                   
   Partial-wave = F15
   W (MeV)   < MB (nf)|T| MB (ni) > 
  0.1615E+04  0.5049E-04  0.3201E-04
  0.1620E+04  0.1961E-03  0.1382E-03
  0.1625E+04  0.4159E-03  0.3278E-03
  0.1630E+04  0.6941E-03  0.6171E-03
  0.1635E+04  0.1011E-02  0.1024E-02
  0.1640E+04  0.1339E-02  0.1563E-02
  0.1645E+04  0.1643E-02  0.2246E-02
  0.1650E+04  0.1881E-02  0.3071E-02
  0.1655E+04  0.2008E-02  0.4023E-02
  0.1660E+04  0.1983E-02  0.5068E-02
  0.1665E+04  0.1778E-02  0.6157E-02
  0.1670E+04  0.1384E-02  0.7232E-02
  0.1675E+04  0.8163E-03  0.8236E-02
  0.1680E+04  0.1073E-03  0.9121E-02
  0.1685E+04 -0.6974E-03  0.9860E-02
  0.1690E+04 -0.1550E-02  0.1044E-01
  0.1695E+04 -0.2408E-02  0.1087E-01
  0.1700E+04 -0.3236E-02  0.1116E-01
  0.1705E+04 -0.4013E-02  0.1134E-01
  0.1710E+04 -0.4723E-02  0.1143E-01
  0.1715E+04 -0.5361E-02  0.1145E-01
  0.1720E+04 -0.5923E-02  0.1142E-01
  0.1725E+04 -0.6414E-02  0.1136E-01
  0.1730E+04 -0.6837E-02  0.1127E-01
  0.1735E+04 -0.7197E-02  0.1116E-01
  0.1740E+04 -0.7500E-02  0.1106E-01
  0.1745E+04 -0.7751E-02  0.1095E-01
  0.1750E+04 -0.7956E-02  0.1084E-01
  0.1755E+04 -0.8119E-02  0.1073E-01
  0.1760E+04 -0.8244E-02  0.1064E-01
  0.1765E+04 -0.8336E-02  0.1055E-01
  0.1770E+04 -0.8398E-02  0.1047E-01
  0.1775E+04 -0.8433E-02  0.1040E-01
  0.1780E+04 -0.8443E-02  0.1033E-01
  0.1785E+04 -0.8431E-02  0.1028E-01
  0.1790E+04 -0.8398E-02  0.1023E-01
  0.1795E+04 -0.8345E-02  0.1018E-01
  0.1800E+04 -0.8275E-02  0.1014E-01
  0.1805E+04 -0.8187E-02  0.1011E-01
  0.1810E+04 -0.8084E-02  0.1008E-01
  0.1815E+04 -0.7965E-02  0.1006E-01
  0.1820E+04 -0.7831E-02  0.1004E-01
  0.1825E+04 -0.7682E-02  0.1002E-01
  0.1830E+04 -0.7519E-02  0.1001E-01
  0.1835E+04 -0.7343E-02  0.9995E-02
  0.1840E+04 -0.7153E-02  0.9984E-02
  0.1845E+04 -0.6949E-02  0.9975E-02
  0.1850E+04 -0.6732E-02  0.9968E-02
  0.1855E+04 -0.6502E-02  0.9962E-02
  0.1860E+04 -0.6259E-02  0.9957E-02
  0.1865E+04 -0.6003E-02  0.9954E-02
  0.1870E+04 -0.5735E-02  0.9951E-02
  0.1875E+04 -0.5454E-02  0.9949E-02
  0.1880E+04 -0.5161E-02  0.9949E-02
  0.1885E+04 -0.4856E-02  0.9949E-02
  0.1890E+04 -0.4539E-02  0.9949E-02
  0.1895E+04 -0.4210E-02  0.9950E-02
  0.1900E+04 -0.3870E-02  0.9952E-02
  0.1905E+04 -0.3518E-02  0.9954E-02
  0.1910E+04 -0.3155E-02  0.9957E-02
  0.1915E+04 -0.2780E-02  0.9960E-02
  0.1920E+04 -0.2394E-02  0.9964E-02
  0.1925E+04 -0.1996E-02  0.9968E-02
  0.1930E+04 -0.1588E-02  0.9973E-02
  0.1935E+04 -0.1168E-02  0.9979E-02
  0.1940E+04 -0.7377E-03  0.9986E-02
  0.1945E+04 -0.2967E-03  0.9994E-02
  0.1950E+04  0.1546E-03  0.1000E-01
  0.1955E+04  0.6159E-03  0.1001E-01
  0.1960E+04  0.1087E-02  0.1003E-01
  0.1965E+04  0.1567E-02  0.1004E-01
  0.1970E+04  0.2056E-02  0.1006E-01
  0.1975E+04  0.2554E-02  0.1008E-01
  0.1980E+04  0.3059E-02  0.1009E-01
  0.1985E+04  0.3572E-02  0.1012E-01
  0.1990E+04  0.4092E-02  0.1014E-01
  0.1995E+04  0.4620E-02  0.1016E-01
  0.2000E+04  0.5153E-02  0.1018E-01
  0.2005E+04  0.5693E-02  0.1021E-01
  0.2010E+04  0.6239E-02  0.1023E-01
  0.2015E+04  0.6791E-02  0.1025E-01
  0.2020E+04  0.7348E-02  0.1027E-01
  0.2025E+04  0.7912E-02  0.1029E-01
  0.2030E+04  0.8481E-02  0.1031E-01
  0.2035E+04  0.9057E-02  0.1032E-01
  0.2040E+04  0.9639E-02  0.1033E-01
  0.2045E+04  0.1023E-01  0.1034E-01
  0.2050E+04  0.1082E-01  0.1034E-01
  0.2055E+04  0.1143E-01  0.1034E-01
  0.2060E+04  0.1204E-01  0.1034E-01
  0.2065E+04  0.1266E-01  0.1033E-01
  0.2070E+04  0.1329E-01  0.1031E-01
  0.2075E+04  0.1393E-01  0.1029E-01
  0.2080E+04  0.1458E-01  0.1027E-01
  0.2085E+04  0.1524E-01  0.1025E-01
  0.2090E+04  0.1592E-01  0.1022E-01
  0.2095E+04  0.1660E-01  0.1018E-01
  0.2100E+04  0.1730E-01  0.1015E-01
  0.2105E+04  0.1801E-01  0.1012E-01
  0.2110E+04  0.1874E-01  0.1008E-01
  0.2115E+04  0.1948E-01  0.1004E-01
  0.2120E+04  0.2023E-01  0.1001E-01
  0.2125E+04  0.2099E-01  0.9971E-02
  0.2130E+04  0.2177E-01  0.9939E-02
  0.2135E+04  0.2256E-01  0.9909E-02
  0.2140E+04  0.2336E-01  0.9883E-02
  0.2145E+04  0.2417E-01  0.9861E-02
  0.2150E+04  0.2500E-01  0.9843E-02
  0.2155E+04  0.2584E-01  0.9831E-02
  0.2160E+04  0.2668E-01  0.9824E-02
  0.2165E+04  0.2754E-01  0.9824E-02
  0.2170E+04  0.2840E-01  0.9829E-02
  0.2175E+04  0.2927E-01  0.9840E-02
  0.2180E+04  0.3015E-01  0.9858E-02
  0.2185E+04  0.3104E-01  0.9882E-02
  0.2190E+04  0.3193E-01  0.9911E-02
  0.2195E+04  0.3282E-01  0.9946E-02
  0.2200E+04  0.3372E-01  0.9987E-02
                   
   Partial-wave = F17
   W (MeV)   < MB (nf)|T| MB (ni) > 
  0.1615E+04  0.1082E-04  0.3200E-06
  0.1620E+04  0.4198E-04  0.1297E-05
  0.1625E+04  0.8966E-04  0.2893E-05
  0.1630E+04  0.1524E-03  0.5141E-05
  0.1635E+04  0.2294E-03  0.8091E-05
  0.1640E+04  0.3200E-03  0.1181E-04
  0.1645E+04  0.4238E-03  0.1638E-04
  0.1650E+04  0.5406E-03  0.2187E-04
  0.1655E+04  0.6701E-03  0.2840E-04
  0.1660E+04  0.8121E-03  0.3607E-04
  0.1665E+04  0.9664E-03  0.4499E-04
  0.1670E+04  0.1133E-02  0.5528E-04
  0.1675E+04  0.1311E-02  0.6707E-04
  0.1680E+04  0.1502E-02  0.8050E-04
  0.1685E+04  0.1704E-02  0.9571E-04
  0.1690E+04  0.1918E-02  0.1128E-03
  0.1695E+04  0.2143E-02  0.1320E-03
  0.1700E+04  0.2380E-02  0.1534E-03
  0.1705E+04  0.2628E-02  0.1772E-03
  0.1710E+04  0.2887E-02  0.2035E-03
  0.1715E+04  0.3157E-02  0.2324E-03
  0.1720E+04  0.3438E-02  0.2641E-03
  0.1725E+04  0.3730E-02  0.2988E-03
  0.1730E+04  0.4033E-02  0.3366E-03
  0.1735E+04  0.4347E-02  0.3776E-03
  0.1740E+04  0.4671E-02  0.4220E-03
  0.1745E+04  0.5005E-02  0.4700E-03
  0.1750E+04  0.5350E-02  0.5217E-03
  0.1755E+04  0.5705E-02  0.5773E-03
  0.1760E+04  0.6071E-02  0.6371E-03
  0.1765E+04  0.6447E-02  0.7012E-03
  0.1770E+04  0.6833E-02  0.7699E-03
  0.1775E+04  0.7229E-02  0.8435E-03
  0.1780E+04  0.7635E-02  0.9223E-03
  0.1785E+04  0.8052E-02  0.1007E-02
  0.1790E+04  0.8478E-02  0.1097E-02
  0.1795E+04  0.8914E-02  0.1193E-02
  0.1800E+04  0.9360E-02  0.1296E-02
  0.1805E+04  0.9815E-02  0.1406E-02
  0.1810E+04  0.1028E-01  0.1523E-02
  0.1815E+04  0.1075E-01  0.1648E-02
  0.1820E+04  0.1124E-01  0.1782E-02
  0.1825E+04  0.1173E-01  0.1924E-02
  0.1830E+04  0.1223E-01  0.2076E-02
  0.1835E+04  0.1273E-01  0.2238E-02
  0.1840E+04  0.1325E-01  0.2410E-02
  0.1845E+04  0.1377E-01  0.2592E-02
  0.1850E+04  0.1430E-01  0.2786E-02
  0.1855E+04  0.1483E-01  0.2991E-02
  0.1860E+04  0.1537E-01  0.3207E-02
  0.1865E+04  0.1591E-01  0.3436E-02
  0.1870E+04  0.1646E-01  0.3676E-02
  0.1875E+04  0.1701E-01  0.3929E-02
  0.1880E+04  0.1756E-01  0.4194E-02
  0.1885E+04  0.1811E-01  0.4472E-02
  0.1890E+04  0.1867E-01  0.4762E-02
  0.1895E+04  0.1922E-01  0.5065E-02
  0.1900E+04  0.1978E-01  0.5380E-02
  0.1905E+04  0.2033E-01  0.5708E-02
  0.1910E+04  0.2089E-01  0.6049E-02
  0.1915E+04  0.2144E-01  0.6402E-02
  0.1920E+04  0.2199E-01  0.6766E-02
  0.1925E+04  0.2253E-01  0.7144E-02
  0.1930E+04  0.2307E-01  0.7533E-02
  0.1935E+04  0.2361E-01  0.7934E-02
  0.1940E+04  0.2414E-01  0.8346E-02
  0.1945E+04  0.2467E-01  0.8770E-02
  0.1950E+04  0.2519E-01  0.9205E-02
  0.1955E+04  0.2571E-01  0.9651E-02
  0.1960E+04  0.2622E-01  0.1011E-01
  0.1965E+04  0.2672E-01  0.1057E-01
  0.1970E+04  0.2721E-01  0.1105E-01
  0.1975E+04  0.2770E-01  0.1154E-01
  0.1980E+04  0.2817E-01  0.1203E-01
  0.1985E+04  0.2864E-01  0.1253E-01
  0.1990E+04  0.2910E-01  0.1304E-01
  0.1995E+04  0.2955E-01  0.1356E-01
  0.2000E+04  0.2999E-01  0.1409E-01
  0.2005E+04  0.3042E-01  0.1463E-01
  0.2010E+04  0.3085E-01  0.1517E-01
  0.2015E+04  0.3126E-01  0.1572E-01
  0.2020E+04  0.3166E-01  0.1628E-01
  0.2025E+04  0.3206E-01  0.1685E-01
  0.2030E+04  0.3244E-01  0.1742E-01
  0.2035E+04  0.3281E-01  0.1801E-01
  0.2040E+04  0.3317E-01  0.1860E-01
  0.2045E+04  0.3352E-01  0.1920E-01
  0.2050E+04  0.3385E-01  0.1981E-01
  0.2055E+04  0.3417E-01  0.2044E-01
  0.2060E+04  0.3448E-01  0.2107E-01
  0.2065E+04  0.3476E-01  0.2170E-01
  0.2070E+04  0.3503E-01  0.2235E-01
  0.2075E+04  0.3528E-01  0.2301E-01
  0.2080E+04  0.3550E-01  0.2367E-01
  0.2085E+04  0.3571E-01  0.2434E-01
  0.2090E+04  0.3588E-01  0.2501E-01
  0.2095E+04  0.3603E-01  0.2568E-01
  0.2100E+04  0.3616E-01  0.2635E-01
  0.2105E+04  0.3626E-01  0.2702E-01
  0.2110E+04  0.3632E-01  0.2769E-01
  0.2115E+04  0.3636E-01  0.2835E-01
  0.2120E+04  0.3637E-01  0.2899E-01
  0.2125E+04  0.3635E-01  0.2963E-01
  0.2130E+04  0.3631E-01  0.3024E-01
  0.2135E+04  0.3624E-01  0.3084E-01
  0.2140E+04  0.3615E-01  0.3142E-01
  0.2145E+04  0.3603E-01  0.3197E-01
  0.2150E+04  0.3590E-01  0.3250E-01
  0.2155E+04  0.3575E-01  0.3300E-01
  0.2160E+04  0.3559E-01  0.3347E-01
  0.2165E+04  0.3542E-01  0.3391E-01
  0.2170E+04  0.3524E-01  0.3432E-01
  0.2175E+04  0.3506E-01  0.3470E-01
  0.2180E+04  0.3488E-01  0.3505E-01
  0.2185E+04  0.3471E-01  0.3538E-01
  0.2190E+04  0.3454E-01  0.3568E-01
  0.2195E+04  0.3438E-01  0.3596E-01
  0.2200E+04  0.3423E-01  0.3621E-01
                   
   Partial-wave = F35
   W (MeV)   < MB (nf)|T| MB (ni) > 
  0.1615E+04  0.0000E+00  0.0000E+00
  0.1620E+04  0.0000E+00  0.0000E+00
  0.1625E+04  0.0000E+00  0.0000E+00
  0.1630E+04  0.0000E+00  0.0000E+00
  0.1635E+04  0.0000E+00  0.0000E+00
  0.1640E+04  0.0000E+00  0.0000E+00
  0.1645E+04  0.0000E+00  0.0000E+00
  0.1650E+04  0.0000E+00  0.0000E+00
  0.1655E+04  0.0000E+00  0.0000E+00
  0.1660E+04  0.0000E+00  0.0000E+00
  0.1665E+04  0.0000E+00  0.0000E+00
  0.1670E+04  0.0000E+00  0.0000E+00
  0.1675E+04  0.0000E+00  0.0000E+00
  0.1680E+04  0.0000E+00  0.0000E+00
  0.1685E+04  0.0000E+00  0.0000E+00
  0.1690E+04  0.0000E+00  0.0000E+00
  0.1695E+04  0.0000E+00  0.0000E+00
  0.1700E+04  0.0000E+00  0.0000E+00
  0.1705E+04  0.0000E+00  0.0000E+00
  0.1710E+04  0.0000E+00  0.0000E+00
  0.1715E+04  0.0000E+00  0.0000E+00
  0.1720E+04  0.0000E+00  0.0000E+00
  0.1725E+04  0.0000E+00  0.0000E+00
  0.1730E+04  0.0000E+00  0.0000E+00
  0.1735E+04  0.0000E+00  0.0000E+00
  0.1740E+04  0.0000E+00  0.0000E+00
  0.1745E+04  0.0000E+00  0.0000E+00
  0.1750E+04  0.0000E+00  0.0000E+00
  0.1755E+04  0.0000E+00  0.0000E+00
  0.1760E+04  0.0000E+00  0.0000E+00
  0.1765E+04  0.0000E+00  0.0000E+00
  0.1770E+04  0.0000E+00  0.0000E+00
  0.1775E+04  0.0000E+00  0.0000E+00
  0.1780E+04  0.0000E+00  0.0000E+00
  0.1785E+04  0.0000E+00  0.0000E+00
  0.1790E+04  0.0000E+00  0.0000E+00
  0.1795E+04  0.0000E+00  0.0000E+00
  0.1800E+04  0.0000E+00  0.0000E+00
  0.1805E+04  0.0000E+00  0.0000E+00
  0.1810E+04  0.0000E+00  0.0000E+00
  0.1815E+04  0.0000E+00  0.0000E+00
  0.1820E+04  0.0000E+00  0.0000E+00
  0.1825E+04  0.0000E+00  0.0000E+00
  0.1830E+04  0.0000E+00  0.0000E+00
  0.1835E+04  0.0000E+00  0.0000E+00
  0.1840E+04  0.0000E+00  0.0000E+00
  0.1845E+04  0.0000E+00  0.0000E+00
  0.1850E+04  0.0000E+00  0.0000E+00
  0.1855E+04  0.0000E+00  0.0000E+00
  0.1860E+04  0.0000E+00  0.0000E+00
  0.1865E+04  0.0000E+00  0.0000E+00
  0.1870E+04  0.0000E+00  0.0000E+00
  0.1875E+04  0.0000E+00  0.0000E+00
  0.1880E+04  0.0000E+00  0.0000E+00
  0.1885E+04  0.0000E+00  0.0000E+00
  0.1890E+04  0.0000E+00  0.0000E+00
  0.1895E+04  0.0000E+00  0.0000E+00
  0.1900E+04  0.0000E+00  0.0000E+00
  0.1905E+04  0.0000E+00  0.0000E+00
  0.1910E+04  0.0000E+00  0.0000E+00
  0.1915E+04  0.0000E+00  0.0000E+00
  0.1920E+04  0.0000E+00  0.0000E+00
  0.1925E+04  0.0000E+00  0.0000E+00
  0.1930E+04  0.0000E+00  0.0000E+00
  0.1935E+04  0.0000E+00  0.0000E+00
  0.1940E+04  0.0000E+00  0.0000E+00
  0.1945E+04  0.0000E+00  0.0000E+00
  0.1950E+04  0.0000E+00  0.0000E+00
  0.1955E+04  0.0000E+00  0.0000E+00
  0.1960E+04  0.0000E+00  0.0000E+00
  0.1965E+04  0.0000E+00  0.0000E+00
  0.1970E+04  0.0000E+00  0.0000E+00
  0.1975E+04  0.0000E+00  0.0000E+00
  0.1980E+04  0.0000E+00  0.0000E+00
  0.1985E+04  0.0000E+00  0.0000E+00
  0.1990E+04  0.0000E+00  0.0000E+00
  0.1995E+04  0.0000E+00  0.0000E+00
  0.2000E+04  0.0000E+00  0.0000E+00
  0.2005E+04  0.0000E+00  0.0000E+00
  0.2010E+04  0.0000E+00  0.0000E+00
  0.2015E+04  0.0000E+00  0.0000E+00
  0.2020E+04  0.0000E+00  0.0000E+00
  0.2025E+04  0.0000E+00  0.0000E+00
  0.2030E+04  0.0000E+00  0.0000E+00
  0.2035E+04  0.0000E+00  0.0000E+00
  0.2040E+04  0.0000E+00  0.0000E+00
  0.2045E+04  0.0000E+00  0.0000E+00
  0.2050E+04  0.0000E+00  0.0000E+00
  0.2055E+04  0.0000E+00  0.0000E+00
  0.2060E+04  0.0000E+00  0.0000E+00
  0.2065E+04  0.0000E+00  0.0000E+00
  0.2070E+04  0.0000E+00  0.0000E+00
  0.2075E+04  0.0000E+00  0.0000E+00
  0.2080E+04  0.0000E+00  0.0000E+00
  0.2085E+04  0.0000E+00  0.0000E+00
  0.2090E+04  0.0000E+00  0.0000E+00
  0.2095E+04  0.0000E+00  0.0000E+00
  0.2100E+04  0.0000E+00  0.0000E+00
  0.2105E+04  0.0000E+00  0.0000E+00
  0.2110E+04  0.0000E+00  0.0000E+00
  0.2115E+04  0.0000E+00  0.0000E+00
  0.2120E+04  0.0000E+00  0.0000E+00
  0.2125E+04  0.0000E+00  0.0000E+00
  0.2130E+04  0.0000E+00  0.0000E+00
  0.2135E+04  0.0000E+00  0.0000E+00
  0.2140E+04  0.0000E+00  0.0000E+00
  0.2145E+04  0.0000E+00  0.0000E+00
  0.2150E+04  0.0000E+00  0.0000E+00
  0.2155E+04  0.0000E+00  0.0000E+00
  0.2160E+04  0.0000E+00  0.0000E+00
  0.2165E+04  0.0000E+00  0.0000E+00
  0.2170E+04  0.0000E+00  0.0000E+00
  0.2175E+04  0.0000E+00  0.0000E+00
  0.2180E+04  0.0000E+00  0.0000E+00
  0.2185E+04  0.0000E+00  0.0000E+00
  0.2190E+04  0.0000E+00  0.0000E+00
  0.2195E+04  0.0000E+00  0.0000E+00
  0.2200E+04  0.0000E+00  0.0000E+00
                   
   Partial-wave = F37
   W (MeV)   < MB (nf)|T| MB (ni) > 
  0.1615E+04  0.0000E+00  0.0000E+00
  0.1620E+04  0.0000E+00  0.0000E+00
  0.1625E+04  0.0000E+00  0.0000E+00
  0.1630E+04  0.0000E+00  0.0000E+00
  0.1635E+04  0.0000E+00  0.0000E+00
  0.1640E+04  0.0000E+00  0.0000E+00
  0.1645E+04  0.0000E+00  0.0000E+00
  0.1650E+04  0.0000E+00  0.0000E+00
  0.1655E+04  0.0000E+00  0.0000E+00
  0.1660E+04  0.0000E+00  0.0000E+00
  0.1665E+04  0.0000E+00  0.0000E+00
  0.1670E+04  0.0000E+00  0.0000E+00
  0.1675E+04  0.0000E+00  0.0000E+00
  0.1680E+04  0.0000E+00  0.0000E+00
  0.1685E+04  0.0000E+00  0.0000E+00
  0.1690E+04  0.0000E+00  0.0000E+00
  0.1695E+04  0.0000E+00  0.0000E+00
  0.1700E+04  0.0000E+00  0.0000E+00
  0.1705E+04  0.0000E+00  0.0000E+00
  0.1710E+04  0.0000E+00  0.0000E+00
  0.1715E+04  0.0000E+00  0.0000E+00
  0.1720E+04  0.0000E+00  0.0000E+00
  0.1725E+04  0.0000E+00  0.0000E+00
  0.1730E+04  0.0000E+00  0.0000E+00
  0.1735E+04  0.0000E+00  0.0000E+00
  0.1740E+04  0.0000E+00  0.0000E+00
  0.1745E+04  0.0000E+00  0.0000E+00
  0.1750E+04  0.0000E+00  0.0000E+00
  0.1755E+04  0.0000E+00  0.0000E+00
  0.1760E+04  0.0000E+00  0.0000E+00
  0.1765E+04  0.0000E+00  0.0000E+00
  0.1770E+04  0.0000E+00  0.0000E+00
  0.1775E+04  0.0000E+00  0.0000E+00
  0.1780E+04  0.0000E+00  0.0000E+00
  0.1785E+04  0.0000E+00  0.0000E+00
  0.1790E+04  0.0000E+00  0.0000E+00
  0.1795E+04  0.0000E+00  0.0000E+00
  0.1800E+04  0.0000E+00  0.0000E+00
  0.1805E+04  0.0000E+00  0.0000E+00
  0.1810E+04  0.0000E+00  0.0000E+00
  0.1815E+04  0.0000E+00  0.0000E+00
  0.1820E+04  0.0000E+00  0.0000E+00
  0.1825E+04  0.0000E+00  0.0000E+00
  0.1830E+04  0.0000E+00  0.0000E+00
  0.1835E+04  0.0000E+00  0.0000E+00
  0.1840E+04  0.0000E+00  0.0000E+00
  0.1845E+04  0.0000E+00  0.0000E+00
  0.1850E+04  0.0000E+00  0.0000E+00
  0.1855E+04  0.0000E+00  0.0000E+00
  0.1860E+04  0.0000E+00  0.0000E+00
  0.1865E+04  0.0000E+00  0.0000E+00
  0.1870E+04  0.0000E+00  0.0000E+00
  0.1875E+04  0.0000E+00  0.0000E+00
  0.1880E+04  0.0000E+00  0.0000E+00
  0.1885E+04  0.0000E+00  0.0000E+00
  0.1890E+04  0.0000E+00  0.0000E+00
  0.1895E+04  0.0000E+00  0.0000E+00
  0.1900E+04  0.0000E+00  0.0000E+00
  0.1905E+04  0.0000E+00  0.0000E+00
  0.1910E+04  0.0000E+00  0.0000E+00
  0.1915E+04  0.0000E+00  0.0000E+00
  0.1920E+04  0.0000E+00  0.0000E+00
  0.1925E+04  0.0000E+00  0.0000E+00
  0.1930E+04  0.0000E+00  0.0000E+00
  0.1935E+04  0.0000E+00  0.0000E+00
  0.1940E+04  0.0000E+00  0.0000E+00
  0.1945E+04  0.0000E+00  0.0000E+00
  0.1950E+04  0.0000E+00  0.0000E+00
  0.1955E+04  0.0000E+00  0.0000E+00
  0.1960E+04  0.0000E+00  0.0000E+00
  0.1965E+04  0.0000E+00  0.0000E+00
  0.1970E+04  0.0000E+00  0.0000E+00
  0.1975E+04  0.0000E+00  0.0000E+00
  0.1980E+04  0.0000E+00  0.0000E+00
  0.1985E+04  0.0000E+00  0.0000E+00
  0.1990E+04  0.0000E+00  0.0000E+00
  0.1995E+04  0.0000E+00  0.0000E+00
  0.2000E+04  0.0000E+00  0.0000E+00
  0.2005E+04  0.0000E+00  0.0000E+00
  0.2010E+04  0.0000E+00  0.0000E+00
  0.2015E+04  0.0000E+00  0.0000E+00
  0.2020E+04  0.0000E+00  0.0000E+00
  0.2025E+04  0.0000E+00  0.0000E+00
  0.2030E+04  0.0000E+00  0.0000E+00
  0.2035E+04  0.0000E+00  0.0000E+00
  0.2040E+04  0.0000E+00  0.0000E+00
  0.2045E+04  0.0000E+00  0.0000E+00
  0.2050E+04  0.0000E+00  0.0000E+00
  0.2055E+04  0.0000E+00  0.0000E+00
  0.2060E+04  0.0000E+00  0.0000E+00
  0.2065E+04  0.0000E+00  0.0000E+00
  0.2070E+04  0.0000E+00  0.0000E+00
  0.2075E+04  0.0000E+00  0.0000E+00
  0.2080E+04  0.0000E+00  0.0000E+00
  0.2085E+04  0.0000E+00  0.0000E+00
  0.2090E+04  0.0000E+00  0.0000E+00
  0.2095E+04  0.0000E+00  0.0000E+00
  0.2100E+04  0.0000E+00  0.0000E+00
  0.2105E+04  0.0000E+00  0.0000E+00
  0.2110E+04  0.0000E+00  0.0000E+00
  0.2115E+04  0.0000E+00  0.0000E+00
  0.2120E+04  0.0000E+00  0.0000E+00
  0.2125E+04  0.0000E+00  0.0000E+00
  0.2130E+04  0.0000E+00  0.0000E+00
  0.2135E+04  0.0000E+00  0.0000E+00
  0.2140E+04  0.0000E+00  0.0000E+00
  0.2145E+04  0.0000E+00  0.0000E+00
  0.2150E+04  0.0000E+00  0.0000E+00
  0.2155E+04  0.0000E+00  0.0000E+00
  0.2160E+04  0.0000E+00  0.0000E+00
  0.2165E+04  0.0000E+00  0.0000E+00
  0.2170E+04  0.0000E+00  0.0000E+00
  0.2175E+04  0.0000E+00  0.0000E+00
  0.2180E+04  0.0000E+00  0.0000E+00
  0.2185E+04  0.0000E+00  0.0000E+00
  0.2190E+04  0.0000E+00  0.0000E+00
  0.2195E+04  0.0000E+00  0.0000E+00
  0.2200E+04  0.0000E+00  0.0000E+00
                   
   Partial-wave = G17
   W (MeV)   < MB (nf)|T| MB (ni) > 
  0.1615E+04  0.5521E-06  0.1856E-07
  0.1620E+04  0.3149E-05  0.1092E-06
  0.1625E+04  0.8336E-05  0.2978E-06
  0.1630E+04  0.1645E-04  0.6056E-06
  0.1635E+04  0.2777E-04  0.1053E-05
  0.1640E+04  0.4251E-04  0.1660E-05
  0.1645E+04  0.6088E-04  0.2447E-05
  0.1650E+04  0.8305E-04  0.3437E-05
  0.1655E+04  0.1092E-03  0.4651E-05
  0.1660E+04  0.1395E-03  0.6112E-05
  0.1665E+04  0.1740E-03  0.7845E-05
  0.1670E+04  0.2129E-03  0.9873E-05
  0.1675E+04  0.2564E-03  0.1222E-04
  0.1680E+04  0.3045E-03  0.1492E-04
  0.1685E+04  0.3573E-03  0.1799E-04
  0.1690E+04  0.4149E-03  0.2146E-04
  0.1695E+04  0.4774E-03  0.2536E-04
  0.1700E+04  0.5450E-03  0.2972E-04
  0.1705E+04  0.6176E-03  0.3457E-04
  0.1710E+04  0.6953E-03  0.3993E-04
  0.1715E+04  0.7783E-03  0.4584E-04
  0.1720E+04  0.8665E-03  0.5232E-04
  0.1725E+04  0.9601E-03  0.5941E-04
  0.1730E+04  0.1059E-02  0.6713E-04
  0.1735E+04  0.1163E-02  0.7553E-04
  0.1740E+04  0.1273E-02  0.8461E-04
  0.1745E+04  0.1388E-02  0.9443E-04
  0.1750E+04  0.1509E-02  0.1050E-03
  0.1755E+04  0.1635E-02  0.1164E-03
  0.1760E+04  0.1767E-02  0.1285E-03
  0.1765E+04  0.1904E-02  0.1416E-03
  0.1770E+04  0.2047E-02  0.1555E-03
  0.1775E+04  0.2195E-02  0.1703E-03
  0.1780E+04  0.2348E-02  0.1860E-03
  0.1785E+04  0.2508E-02  0.2028E-03
  0.1790E+04  0.2672E-02  0.2205E-03
  0.1795E+04  0.2842E-02  0.2392E-03
  0.1800E+04  0.3018E-02  0.2590E-03
  0.1805E+04  0.3199E-02  0.2799E-03
  0.1810E+04  0.3385E-02  0.3018E-03
  0.1815E+04  0.3577E-02  0.3249E-03
  0.1820E+04  0.3773E-02  0.3491E-03
  0.1825E+04  0.3975E-02  0.3745E-03
  0.1830E+04  0.4183E-02  0.4011E-03
  0.1835E+04  0.4395E-02  0.4289E-03
  0.1840E+04  0.4612E-02  0.4579E-03
  0.1845E+04  0.4834E-02  0.4881E-03
  0.1850E+04  0.5061E-02  0.5196E-03
  0.1855E+04  0.5293E-02  0.5523E-03
  0.1860E+04  0.5529E-02  0.5863E-03
  0.1865E+04  0.5770E-02  0.6216E-03
  0.1870E+04  0.6015E-02  0.6582E-03
  0.1875E+04  0.6264E-02  0.6960E-03
  0.1880E+04  0.6518E-02  0.7351E-03
  0.1885E+04  0.6776E-02  0.7756E-03
  0.1890E+04  0.7038E-02  0.8173E-03
  0.1895E+04  0.7303E-02  0.8603E-03
  0.1900E+04  0.7573E-02  0.9047E-03
  0.1905E+04  0.7845E-02  0.9502E-03
  0.1910E+04  0.8121E-02  0.9970E-03
  0.1915E+04  0.8400E-02  0.1045E-02
  0.1920E+04  0.8681E-02  0.1094E-02
  0.1925E+04  0.8966E-02  0.1144E-02
  0.1930E+04  0.9252E-02  0.1195E-02
  0.1935E+04  0.9541E-02  0.1246E-02
  0.1940E+04  0.9831E-02  0.1298E-02
  0.1945E+04  0.1012E-01  0.1350E-02
  0.1950E+04  0.1042E-01  0.1403E-02
  0.1955E+04  0.1071E-01  0.1455E-02
  0.1960E+04  0.1101E-01  0.1507E-02
  0.1965E+04  0.1130E-01  0.1557E-02
  0.1970E+04  0.1160E-01  0.1606E-02
  0.1975E+04  0.1190E-01  0.1654E-02
  0.1980E+04  0.1220E-01  0.1700E-02
  0.1985E+04  0.1250E-01  0.1742E-02
  0.1990E+04  0.1280E-01  0.1783E-02
  0.1995E+04  0.1310E-01  0.1819E-02
  0.2000E+04  0.1340E-01  0.1852E-02
  0.2005E+04  0.1370E-01  0.1881E-02
  0.2010E+04  0.1401E-01  0.1905E-02
  0.2015E+04  0.1431E-01  0.1924E-02
  0.2020E+04  0.1462E-01  0.1937E-02
  0.2025E+04  0.1493E-01  0.1945E-02
  0.2030E+04  0.1525E-01  0.1947E-02
  0.2035E+04  0.1556E-01  0.1943E-02
  0.2040E+04  0.1588E-01  0.1932E-02
  0.2045E+04  0.1621E-01  0.1914E-02
  0.2050E+04  0.1654E-01  0.1890E-02
  0.2055E+04  0.1687E-01  0.1859E-02
  0.2060E+04  0.1721E-01  0.1821E-02
  0.2065E+04  0.1756E-01  0.1777E-02
  0.2070E+04  0.1791E-01  0.1725E-02
  0.2075E+04  0.1827E-01  0.1668E-02
  0.2080E+04  0.1864E-01  0.1605E-02
  0.2085E+04  0.1902E-01  0.1535E-02
  0.2090E+04  0.1941E-01  0.1460E-02
  0.2095E+04  0.1980E-01  0.1380E-02
  0.2100E+04  0.2021E-01  0.1296E-02
  0.2105E+04  0.2063E-01  0.1207E-02
  0.2110E+04  0.2105E-01  0.1114E-02
  0.2115E+04  0.2149E-01  0.1018E-02
  0.2120E+04  0.2193E-01  0.9188E-03
  0.2125E+04  0.2239E-01  0.8176E-03
  0.2130E+04  0.2286E-01  0.7145E-03
  0.2135E+04  0.2334E-01  0.6103E-03
  0.2140E+04  0.2383E-01  0.5055E-03
  0.2145E+04  0.2433E-01  0.4007E-03
  0.2150E+04  0.2484E-01  0.2964E-03
  0.2155E+04  0.2537E-01  0.1933E-03
  0.2160E+04  0.2590E-01  0.9180E-04
  0.2165E+04  0.2645E-01 -0.7503E-05
  0.2170E+04  0.2700E-01 -0.1042E-03
  0.2175E+04  0.2756E-01 -0.1979E-03
  0.2180E+04  0.2813E-01 -0.2883E-03
  0.2185E+04  0.2871E-01 -0.3751E-03
  0.2190E+04  0.2930E-01 -0.4581E-03
  0.2195E+04  0.2990E-01 -0.5373E-03
  0.2200E+04  0.3050E-01 -0.6125E-03
                   
   Partial-wave = G19
   W (MeV)   < MB (nf)|T| MB (ni) > 
  0.1615E+04 -0.1292E-07 -0.5587E-09
  0.1620E+04 -0.8441E-07 -0.3641E-08
  0.1625E+04 -0.2515E-06 -0.1096E-07
  0.1630E+04 -0.5513E-06 -0.2449E-07
  0.1635E+04 -0.1022E-05 -0.4664E-07
  0.1640E+04 -0.1704E-05 -0.8031E-07
  0.1645E+04 -0.2639E-05 -0.1289E-06
  0.1650E+04 -0.3868E-05 -0.1967E-06
  0.1655E+04 -0.5436E-05 -0.2884E-06
  0.1660E+04 -0.7387E-05 -0.4098E-06
  0.1665E+04 -0.9767E-05 -0.5672E-06
  0.1670E+04 -0.1262E-04 -0.7683E-06
  0.1675E+04 -0.1600E-04 -0.1022E-05
  0.1680E+04 -0.1994E-04 -0.1336E-05
  0.1685E+04 -0.2450E-04 -0.1723E-05
  0.1690E+04 -0.2973E-04 -0.2194E-05
  0.1695E+04 -0.3567E-04 -0.2762E-05
  0.1700E+04 -0.4237E-04 -0.3441E-05
  0.1705E+04 -0.4989E-04 -0.4246E-05
  0.1710E+04 -0.5826E-04 -0.5193E-05
  0.1715E+04 -0.6755E-04 -0.6301E-05
  0.1720E+04 -0.7781E-04 -0.7589E-05
  0.1725E+04 -0.8908E-04 -0.9077E-05
  0.1730E+04 -0.1014E-03 -0.1079E-04
  0.1735E+04 -0.1149E-03 -0.1274E-04
  0.1740E+04 -0.1295E-03 -0.1497E-04
  0.1745E+04 -0.1454E-03 -0.1749E-04
  0.1750E+04 -0.1625E-03 -0.2035E-04
  0.1755E+04 -0.1810E-03 -0.2356E-04
  0.1760E+04 -0.2009E-03 -0.2717E-04
  0.1765E+04 -0.2223E-03 -0.3122E-04
  0.1770E+04 -0.2452E-03 -0.3574E-04
  0.1775E+04 -0.2697E-03 -0.4079E-04
  0.1780E+04 -0.2958E-03 -0.4641E-04
  0.1785E+04 -0.3237E-03 -0.5267E-04
  0.1790E+04 -0.3534E-03 -0.5962E-04
  0.1795E+04 -0.3849E-03 -0.6734E-04
  0.1800E+04 -0.4184E-03 -0.7590E-04
  0.1805E+04 -0.4539E-03 -0.8538E-04
  0.1810E+04 -0.4914E-03 -0.9587E-04
  0.1815E+04 -0.5311E-03 -0.1075E-03
  0.1820E+04 -0.5729E-03 -0.1203E-03
  0.1825E+04 -0.6170E-03 -0.1344E-03
  0.1830E+04 -0.6635E-03 -0.1500E-03
  0.1835E+04 -0.7123E-03 -0.1671E-03
  0.1840E+04 -0.7635E-03 -0.1859E-03
  0.1845E+04 -0.8171E-03 -0.2066E-03
  0.1850E+04 -0.8733E-03 -0.2293E-03
  0.1855E+04 -0.9320E-03 -0.2541E-03
  0.1860E+04 -0.9933E-03 -0.2812E-03
  0.1865E+04 -0.1057E-02 -0.3108E-03
  0.1870E+04 -0.1124E-02 -0.3430E-03
  0.1875E+04 -0.1193E-02 -0.3781E-03
  0.1880E+04 -0.1264E-02 -0.4161E-03
  0.1885E+04 -0.1339E-02 -0.4573E-03
  0.1890E+04 -0.1415E-02 -0.5019E-03
  0.1895E+04 -0.1495E-02 -0.5501E-03
  0.1900E+04 -0.1577E-02 -0.6021E-03
  0.1905E+04 -0.1661E-02 -0.6581E-03
  0.1910E+04 -0.1748E-02 -0.7183E-03
  0.1915E+04 -0.1838E-02 -0.7830E-03
  0.1920E+04 -0.1929E-02 -0.8523E-03
  0.1925E+04 -0.2023E-02 -0.9266E-03
  0.1930E+04 -0.2120E-02 -0.1006E-02
  0.1935E+04 -0.2218E-02 -0.1091E-02
  0.1940E+04 -0.2318E-02 -0.1181E-02
  0.1945E+04 -0.2420E-02 -0.1278E-02
  0.1950E+04 -0.2524E-02 -0.1380E-02
  0.1955E+04 -0.2630E-02 -0.1490E-02
  0.1960E+04 -0.2737E-02 -0.1605E-02
  0.1965E+04 -0.2845E-02 -0.1728E-02
  0.1970E+04 -0.2955E-02 -0.1858E-02
  0.1975E+04 -0.3065E-02 -0.1996E-02
  0.1980E+04 -0.3176E-02 -0.2142E-02
  0.1985E+04 -0.3288E-02 -0.2295E-02
  0.1990E+04 -0.3400E-02 -0.2458E-02
  0.1995E+04 -0.3512E-02 -0.2629E-02
  0.2000E+04 -0.3624E-02 -0.2809E-02
  0.2005E+04 -0.3735E-02 -0.3000E-02
  0.2010E+04 -0.3846E-02 -0.3200E-02
  0.2015E+04 -0.3955E-02 -0.3411E-02
  0.2020E+04 -0.4063E-02 -0.3633E-02
  0.2025E+04 -0.4169E-02 -0.3867E-02
  0.2030E+04 -0.4273E-02 -0.4113E-02
  0.2035E+04 -0.4372E-02 -0.4372E-02
  0.2040E+04 -0.4468E-02 -0.4644E-02
  0.2045E+04 -0.4558E-02 -0.4930E-02
  0.2050E+04 -0.4642E-02 -0.5231E-02
  0.2055E+04 -0.4719E-02 -0.5546E-02
  0.2060E+04 -0.4787E-02 -0.5877E-02
  0.2065E+04 -0.4844E-02 -0.6222E-02
  0.2070E+04 -0.4889E-02 -0.6583E-02
  0.2075E+04 -0.4921E-02 -0.6959E-02
  0.2080E+04 -0.4936E-02 -0.7350E-02
  0.2085E+04 -0.4934E-02 -0.7754E-02
  0.2090E+04 -0.4913E-02 -0.8171E-02
  0.2095E+04 -0.4870E-02 -0.8599E-02
  0.2100E+04 -0.4805E-02 -0.9037E-02
  0.2105E+04 -0.4715E-02 -0.9482E-02
  0.2110E+04 -0.4600E-02 -0.9932E-02
  0.2115E+04 -0.4458E-02 -0.1039E-01
  0.2120E+04 -0.4290E-02 -0.1084E-01
  0.2125E+04 -0.4096E-02 -0.1129E-01
  0.2130E+04 -0.3875E-02 -0.1173E-01
  0.2135E+04 -0.3630E-02 -0.1217E-01
  0.2140E+04 -0.3361E-02 -0.1259E-01
  0.2145E+04 -0.3070E-02 -0.1300E-01
  0.2150E+04 -0.2760E-02 -0.1340E-01
  0.2155E+04 -0.2432E-02 -0.1378E-01
  0.2160E+04 -0.2090E-02 -0.1415E-01
  0.2165E+04 -0.1735E-02 -0.1450E-01
  0.2170E+04 -0.1370E-02 -0.1483E-01
  0.2175E+04 -0.9977E-03 -0.1514E-01
  0.2180E+04 -0.6194E-03 -0.1544E-01
  0.2185E+04 -0.2372E-03 -0.1572E-01
  0.2190E+04  0.1475E-03 -0.1599E-01
  0.2195E+04  0.5337E-03 -0.1625E-01
  0.2200E+04  0.9206E-03 -0.1649E-01
                   
   Partial-wave = G37
   W (MeV)   < MB (nf)|T| MB (ni) > 
  0.1615E+04  0.0000E+00  0.0000E+00
  0.1620E+04  0.0000E+00  0.0000E+00
  0.1625E+04  0.0000E+00  0.0000E+00
  0.1630E+04  0.0000E+00  0.0000E+00
  0.1635E+04  0.0000E+00  0.0000E+00
  0.1640E+04  0.0000E+00  0.0000E+00
  0.1645E+04  0.0000E+00  0.0000E+00
  0.1650E+04  0.0000E+00  0.0000E+00
  0.1655E+04  0.0000E+00  0.0000E+00
  0.1660E+04  0.0000E+00  0.0000E+00
  0.1665E+04  0.0000E+00  0.0000E+00
  0.1670E+04  0.0000E+00  0.0000E+00
  0.1675E+04  0.0000E+00  0.0000E+00
  0.1680E+04  0.0000E+00  0.0000E+00
  0.1685E+04  0.0000E+00  0.0000E+00
  0.1690E+04  0.0000E+00  0.0000E+00
  0.1695E+04  0.0000E+00  0.0000E+00
  0.1700E+04  0.0000E+00  0.0000E+00
  0.1705E+04  0.0000E+00  0.0000E+00
  0.1710E+04  0.0000E+00  0.0000E+00
  0.1715E+04  0.0000E+00  0.0000E+00
  0.1720E+04  0.0000E+00  0.0000E+00
  0.1725E+04  0.0000E+00  0.0000E+00
  0.1730E+04  0.0000E+00  0.0000E+00
  0.1735E+04  0.0000E+00  0.0000E+00
  0.1740E+04  0.0000E+00  0.0000E+00
  0.1745E+04  0.0000E+00  0.0000E+00
  0.1750E+04  0.0000E+00  0.0000E+00
  0.1755E+04  0.0000E+00  0.0000E+00
  0.1760E+04  0.0000E+00  0.0000E+00
  0.1765E+04  0.0000E+00  0.0000E+00
  0.1770E+04  0.0000E+00  0.0000E+00
  0.1775E+04  0.0000E+00  0.0000E+00
  0.1780E+04  0.0000E+00  0.0000E+00
  0.1785E+04  0.0000E+00  0.0000E+00
  0.1790E+04  0.0000E+00  0.0000E+00
  0.1795E+04  0.0000E+00  0.0000E+00
  0.1800E+04  0.0000E+00  0.0000E+00
  0.1805E+04  0.0000E+00  0.0000E+00
  0.1810E+04  0.0000E+00  0.0000E+00
  0.1815E+04  0.0000E+00  0.0000E+00
  0.1820E+04  0.0000E+00  0.0000E+00
  0.1825E+04  0.0000E+00  0.0000E+00
  0.1830E+04  0.0000E+00  0.0000E+00
  0.1835E+04  0.0000E+00  0.0000E+00
  0.1840E+04  0.0000E+00  0.0000E+00
  0.1845E+04  0.0000E+00  0.0000E+00
  0.1850E+04  0.0000E+00  0.0000E+00
  0.1855E+04  0.0000E+00  0.0000E+00
  0.1860E+04  0.0000E+00  0.0000E+00
  0.1865E+04  0.0000E+00  0.0000E+00
  0.1870E+04  0.0000E+00  0.0000E+00
  0.1875E+04  0.0000E+00  0.0000E+00
  0.1880E+04  0.0000E+00  0.0000E+00
  0.1885E+04  0.0000E+00  0.0000E+00
  0.1890E+04  0.0000E+00  0.0000E+00
  0.1895E+04  0.0000E+00  0.0000E+00
  0.1900E+04  0.0000E+00  0.0000E+00
  0.1905E+04  0.0000E+00  0.0000E+00
  0.1910E+04  0.0000E+00  0.0000E+00
  0.1915E+04  0.0000E+00  0.0000E+00
  0.1920E+04  0.0000E+00  0.0000E+00
  0.1925E+04  0.0000E+00  0.0000E+00
  0.1930E+04  0.0000E+00  0.0000E+00
  0.1935E+04  0.0000E+00  0.0000E+00
  0.1940E+04  0.0000E+00  0.0000E+00
  0.1945E+04  0.0000E+00  0.0000E+00
  0.1950E+04  0.0000E+00  0.0000E+00
  0.1955E+04  0.0000E+00  0.0000E+00
  0.1960E+04  0.0000E+00  0.0000E+00
  0.1965E+04  0.0000E+00  0.0000E+00
  0.1970E+04  0.0000E+00  0.0000E+00
  0.1975E+04  0.0000E+00  0.0000E+00
  0.1980E+04  0.0000E+00  0.0000E+00
  0.1985E+04  0.0000E+00  0.0000E+00
  0.1990E+04  0.0000E+00  0.0000E+00
  0.1995E+04  0.0000E+00  0.0000E+00
  0.2000E+04  0.0000E+00  0.0000E+00
  0.2005E+04  0.0000E+00  0.0000E+00
  0.2010E+04  0.0000E+00  0.0000E+00
  0.2015E+04  0.0000E+00  0.0000E+00
  0.2020E+04  0.0000E+00  0.0000E+00
  0.2025E+04  0.0000E+00  0.0000E+00
  0.2030E+04  0.0000E+00  0.0000E+00
  0.2035E+04  0.0000E+00  0.0000E+00
  0.2040E+04  0.0000E+00  0.0000E+00
  0.2045E+04  0.0000E+00  0.0000E+00
  0.2050E+04  0.0000E+00  0.0000E+00
  0.2055E+04  0.0000E+00  0.0000E+00
  0.2060E+04  0.0000E+00  0.0000E+00
  0.2065E+04  0.0000E+00  0.0000E+00
  0.2070E+04  0.0000E+00  0.0000E+00
  0.2075E+04  0.0000E+00  0.0000E+00
  0.2080E+04  0.0000E+00  0.0000E+00
  0.2085E+04  0.0000E+00  0.0000E+00
  0.2090E+04  0.0000E+00  0.0000E+00
  0.2095E+04  0.0000E+00  0.0000E+00
  0.2100E+04  0.0000E+00  0.0000E+00
  0.2105E+04  0.0000E+00  0.0000E+00
  0.2110E+04  0.0000E+00  0.0000E+00
  0.2115E+04  0.0000E+00  0.0000E+00
  0.2120E+04  0.0000E+00  0.0000E+00
  0.2125E+04  0.0000E+00  0.0000E+00
  0.2130E+04  0.0000E+00  0.0000E+00
  0.2135E+04  0.0000E+00  0.0000E+00
  0.2140E+04  0.0000E+00  0.0000E+00
  0.2145E+04  0.0000E+00  0.0000E+00
  0.2150E+04  0.0000E+00  0.0000E+00
  0.2155E+04  0.0000E+00  0.0000E+00
  0.2160E+04  0.0000E+00  0.0000E+00
  0.2165E+04  0.0000E+00  0.0000E+00
  0.2170E+04  0.0000E+00  0.0000E+00
  0.2175E+04  0.0000E+00  0.0000E+00
  0.2180E+04  0.0000E+00  0.0000E+00
  0.2185E+04  0.0000E+00  0.0000E+00
  0.2190E+04  0.0000E+00  0.0000E+00
  0.2195E+04  0.0000E+00  0.0000E+00
  0.2200E+04  0.0000E+00  0.0000E+00
                   
   Partial-wave = G39
   W (MeV)   < MB (nf)|T| MB (ni) > 
  0.1615E+04  0.0000E+00  0.0000E+00
  0.1620E+04  0.0000E+00  0.0000E+00
  0.1625E+04  0.0000E+00  0.0000E+00
  0.1630E+04  0.0000E+00  0.0000E+00
  0.1635E+04  0.0000E+00  0.0000E+00
  0.1640E+04  0.0000E+00  0.0000E+00
  0.1645E+04  0.0000E+00  0.0000E+00
  0.1650E+04  0.0000E+00  0.0000E+00
  0.1655E+04  0.0000E+00  0.0000E+00
  0.1660E+04  0.0000E+00  0.0000E+00
  0.1665E+04  0.0000E+00  0.0000E+00
  0.1670E+04  0.0000E+00  0.0000E+00
  0.1675E+04  0.0000E+00  0.0000E+00
  0.1680E+04  0.0000E+00  0.0000E+00
  0.1685E+04  0.0000E+00  0.0000E+00
  0.1690E+04  0.0000E+00  0.0000E+00
  0.1695E+04  0.0000E+00  0.0000E+00
  0.1700E+04  0.0000E+00  0.0000E+00
  0.1705E+04  0.0000E+00  0.0000E+00
  0.1710E+04  0.0000E+00  0.0000E+00
  0.1715E+04  0.0000E+00  0.0000E+00
  0.1720E+04  0.0000E+00  0.0000E+00
  0.1725E+04  0.0000E+00  0.0000E+00
  0.1730E+04  0.0000E+00  0.0000E+00
  0.1735E+04  0.0000E+00  0.0000E+00
  0.1740E+04  0.0000E+00  0.0000E+00
  0.1745E+04  0.0000E+00  0.0000E+00
  0.1750E+04  0.0000E+00  0.0000E+00
  0.1755E+04  0.0000E+00  0.0000E+00
  0.1760E+04  0.0000E+00  0.0000E+00
  0.1765E+04  0.0000E+00  0.0000E+00
  0.1770E+04  0.0000E+00  0.0000E+00
  0.1775E+04  0.0000E+00  0.0000E+00
  0.1780E+04  0.0000E+00  0.0000E+00
  0.1785E+04  0.0000E+00  0.0000E+00
  0.1790E+04  0.0000E+00  0.0000E+00
  0.1795E+04  0.0000E+00  0.0000E+00
  0.1800E+04  0.0000E+00  0.0000E+00
  0.1805E+04  0.0000E+00  0.0000E+00
  0.1810E+04  0.0000E+00  0.0000E+00
  0.1815E+04  0.0000E+00  0.0000E+00
  0.1820E+04  0.0000E+00  0.0000E+00
  0.1825E+04  0.0000E+00  0.0000E+00
  0.1830E+04  0.0000E+00  0.0000E+00
  0.1835E+04  0.0000E+00  0.0000E+00
  0.1840E+04  0.0000E+00  0.0000E+00
  0.1845E+04  0.0000E+00  0.0000E+00
  0.1850E+04  0.0000E+00  0.0000E+00
  0.1855E+04  0.0000E+00  0.0000E+00
  0.1860E+04  0.0000E+00  0.0000E+00
  0.1865E+04  0.0000E+00  0.0000E+00
  0.1870E+04  0.0000E+00  0.0000E+00
  0.1875E+04  0.0000E+00  0.0000E+00
  0.1880E+04  0.0000E+00  0.0000E+00
  0.1885E+04  0.0000E+00  0.0000E+00
  0.1890E+04  0.0000E+00  0.0000E+00
  0.1895E+04  0.0000E+00  0.0000E+00
  0.1900E+04  0.0000E+00  0.0000E+00
  0.1905E+04  0.0000E+00  0.0000E+00
  0.1910E+04  0.0000E+00  0.0000E+00
  0.1915E+04  0.0000E+00  0.0000E+00
  0.1920E+04  0.0000E+00  0.0000E+00
  0.1925E+04  0.0000E+00  0.0000E+00
  0.1930E+04  0.0000E+00  0.0000E+00
  0.1935E+04  0.0000E+00  0.0000E+00
  0.1940E+04  0.0000E+00  0.0000E+00
  0.1945E+04  0.0000E+00  0.0000E+00
  0.1950E+04  0.0000E+00  0.0000E+00
  0.1955E+04  0.0000E+00  0.0000E+00
  0.1960E+04  0.0000E+00  0.0000E+00
  0.1965E+04  0.0000E+00  0.0000E+00
  0.1970E+04  0.0000E+00  0.0000E+00
  0.1975E+04  0.0000E+00  0.0000E+00
  0.1980E+04  0.0000E+00  0.0000E+00
  0.1985E+04  0.0000E+00  0.0000E+00
  0.1990E+04  0.0000E+00  0.0000E+00
  0.1995E+04  0.0000E+00  0.0000E+00
  0.2000E+04  0.0000E+00  0.0000E+00
  0.2005E+04  0.0000E+00  0.0000E+00
  0.2010E+04  0.0000E+00  0.0000E+00
  0.2015E+04  0.0000E+00  0.0000E+00
  0.2020E+04  0.0000E+00  0.0000E+00
  0.2025E+04  0.0000E+00  0.0000E+00
  0.2030E+04  0.0000E+00  0.0000E+00
  0.2035E+04  0.0000E+00  0.0000E+00
  0.2040E+04  0.0000E+00  0.0000E+00
  0.2045E+04  0.0000E+00  0.0000E+00
  0.2050E+04  0.0000E+00  0.0000E+00
  0.2055E+04  0.0000E+00  0.0000E+00
  0.2060E+04  0.0000E+00  0.0000E+00
  0.2065E+04  0.0000E+00  0.0000E+00
  0.2070E+04  0.0000E+00  0.0000E+00
  0.2075E+04  0.0000E+00  0.0000E+00
  0.2080E+04  0.0000E+00  0.0000E+00
  0.2085E+04  0.0000E+00  0.0000E+00
  0.2090E+04  0.0000E+00  0.0000E+00
  0.2095E+04  0.0000E+00  0.0000E+00
  0.2100E+04  0.0000E+00  0.0000E+00
  0.2105E+04  0.0000E+00  0.0000E+00
  0.2110E+04  0.0000E+00  0.0000E+00
  0.2115E+04  0.0000E+00  0.0000E+00
  0.2120E+04  0.0000E+00  0.0000E+00
  0.2125E+04  0.0000E+00  0.0000E+00
  0.2130E+04  0.0000E+00  0.0000E+00
  0.2135E+04  0.0000E+00  0.0000E+00
  0.2140E+04  0.0000E+00  0.0000E+00
  0.2145E+04  0.0000E+00  0.0000E+00
  0.2150E+04  0.0000E+00  0.0000E+00
  0.2155E+04  0.0000E+00  0.0000E+00
  0.2160E+04  0.0000E+00  0.0000E+00
  0.2165E+04  0.0000E+00  0.0000E+00
  0.2170E+04  0.0000E+00  0.0000E+00
  0.2175E+04  0.0000E+00  0.0000E+00
  0.2180E+04  0.0000E+00  0.0000E+00
  0.2185E+04  0.0000E+00  0.0000E+00
  0.2190E+04  0.0000E+00  0.0000E+00
  0.2195E+04  0.0000E+00  0.0000E+00
  0.2200E+04  0.0000E+00  0.0000E+00
                   
   Partial-wave = H19
   W (MeV)   < MB (nf)|T| MB (ni) > 
  0.1615E+04  0.1471E-07  0.1721E-09
  0.1620E+04  0.1238E-06  0.1506E-08
  0.1625E+04  0.4075E-06  0.5155E-08
  0.1630E+04  0.9370E-06  0.1232E-07
  0.1635E+04  0.1780E-05  0.2431E-07
  0.1640E+04  0.3000E-05  0.4255E-07
  0.1645E+04  0.4662E-05  0.6865E-07
  0.1650E+04  0.6826E-05  0.1043E-06
  0.1655E+04  0.9556E-05  0.1515E-06
  0.1660E+04  0.1291E-04  0.2124E-06
  0.1665E+04  0.1695E-04  0.2891E-06
  0.1670E+04  0.2174E-04  0.3843E-06
  0.1675E+04  0.2733E-04  0.5007E-06
  0.1680E+04  0.3378E-04  0.6412E-06
  0.1685E+04  0.4115E-04  0.8091E-06
  0.1690E+04  0.4950E-04  0.1008E-05
  0.1695E+04  0.5888E-04  0.1241E-05
  0.1700E+04  0.6936E-04  0.1512E-05
  0.1705E+04  0.8098E-04  0.1826E-05
  0.1710E+04  0.9381E-04  0.2187E-05
  0.1715E+04  0.1079E-03  0.2600E-05
  0.1720E+04  0.1233E-03  0.3070E-05
  0.1725E+04  0.1400E-03  0.3602E-05
  0.1730E+04  0.1582E-03  0.4202E-05
  0.1735E+04  0.1779E-03  0.4876E-05
  0.1740E+04  0.1990E-03  0.5629E-05
  0.1745E+04  0.2217E-03  0.6468E-05
  0.1750E+04  0.2461E-03  0.7400E-05
  0.1755E+04  0.2721E-03  0.8432E-05
  0.1760E+04  0.2998E-03  0.9571E-05
  0.1765E+04  0.3293E-03  0.1083E-04
  0.1770E+04  0.3606E-03  0.1220E-04
  0.1775E+04  0.3937E-03  0.1371E-04
  0.1780E+04  0.4287E-03  0.1535E-04
  0.1785E+04  0.4657E-03  0.1714E-04
  0.1790E+04  0.5046E-03  0.1909E-04
  0.1795E+04  0.5456E-03  0.2121E-04
  0.1800E+04  0.5886E-03  0.2350E-04
  0.1805E+04  0.6337E-03  0.2597E-04
  0.1810E+04  0.6809E-03  0.2864E-04
  0.1815E+04  0.7302E-03  0.3152E-04
  0.1820E+04  0.7818E-03  0.3461E-04
  0.1825E+04  0.8356E-03  0.3794E-04
  0.1830E+04  0.8917E-03  0.4150E-04
  0.1835E+04  0.9501E-03  0.4532E-04
  0.1840E+04  0.1011E-02  0.4940E-04
  0.1845E+04  0.1074E-02  0.5376E-04
  0.1850E+04  0.1139E-02  0.5842E-04
  0.1855E+04  0.1207E-02  0.6339E-04
  0.1860E+04  0.1277E-02  0.6867E-04
  0.1865E+04  0.1350E-02  0.7430E-04
  0.1870E+04  0.1425E-02  0.8029E-04
  0.1875E+04  0.1502E-02  0.8665E-04
  0.1880E+04  0.1583E-02  0.9340E-04
  0.1885E+04  0.1665E-02  0.1006E-03
  0.1890E+04  0.1750E-02  0.1082E-03
  0.1895E+04  0.1838E-02  0.1162E-03
  0.1900E+04  0.1928E-02  0.1247E-03
  0.1905E+04  0.2021E-02  0.1338E-03
  0.1910E+04  0.2116E-02  0.1433E-03
  0.1915E+04  0.2214E-02  0.1534E-03
  0.1920E+04  0.2314E-02  0.1641E-03
  0.1925E+04  0.2417E-02  0.1753E-03
  0.1930E+04  0.2522E-02  0.1871E-03
  0.1935E+04  0.2630E-02  0.1996E-03
  0.1940E+04  0.2740E-02  0.2127E-03
  0.1945E+04  0.2853E-02  0.2265E-03
  0.1950E+04  0.2968E-02  0.2409E-03
  0.1955E+04  0.3085E-02  0.2560E-03
  0.1960E+04  0.3205E-02  0.2718E-03
  0.1965E+04  0.3327E-02  0.2883E-03
  0.1970E+04  0.3452E-02  0.3055E-03
  0.1975E+04  0.3578E-02  0.3234E-03
  0.1980E+04  0.3707E-02  0.3420E-03
  0.1985E+04  0.3838E-02  0.3613E-03
  0.1990E+04  0.3971E-02  0.3813E-03
  0.1995E+04  0.4106E-02  0.4020E-03
  0.2000E+04  0.4243E-02  0.4233E-03
  0.2005E+04  0.4382E-02  0.4453E-03
  0.2010E+04  0.4523E-02  0.4680E-03
  0.2015E+04  0.4666E-02  0.4913E-03
  0.2020E+04  0.4811E-02  0.5152E-03
  0.2025E+04  0.4958E-02  0.5397E-03
  0.2030E+04  0.5106E-02  0.5648E-03
  0.2035E+04  0.5256E-02  0.5905E-03
  0.2040E+04  0.5407E-02  0.6166E-03
  0.2045E+04  0.5561E-02  0.6433E-03
  0.2050E+04  0.5715E-02  0.6704E-03
  0.2055E+04  0.5871E-02  0.6978E-03
  0.2060E+04  0.6028E-02  0.7257E-03
  0.2065E+04  0.6186E-02  0.7538E-03
  0.2070E+04  0.6346E-02  0.7821E-03
  0.2075E+04  0.6506E-02  0.8106E-03
  0.2080E+04  0.6668E-02  0.8391E-03
  0.2085E+04  0.6830E-02  0.8676E-03
  0.2090E+04  0.6993E-02  0.8958E-03
  0.2095E+04  0.7157E-02  0.9238E-03
  0.2100E+04  0.7321E-02  0.9513E-03
  0.2105E+04  0.7486E-02  0.9781E-03
  0.2110E+04  0.7651E-02  0.1004E-02
  0.2115E+04  0.7817E-02  0.1029E-02
  0.2120E+04  0.7983E-02  0.1053E-02
  0.2125E+04  0.8150E-02  0.1075E-02
  0.2130E+04  0.8316E-02  0.1096E-02
  0.2135E+04  0.8484E-02  0.1115E-02
  0.2140E+04  0.8652E-02  0.1131E-02
  0.2145E+04  0.8820E-02  0.1145E-02
  0.2150E+04  0.8989E-02  0.1156E-02
  0.2155E+04  0.9159E-02  0.1164E-02
  0.2160E+04  0.9331E-02  0.1169E-02
  0.2165E+04  0.9504E-02  0.1170E-02
  0.2170E+04  0.9678E-02  0.1168E-02
  0.2175E+04  0.9855E-02  0.1162E-02
  0.2180E+04  0.1003E-01  0.1152E-02
  0.2185E+04  0.1022E-01  0.1139E-02
  0.2190E+04  0.1040E-01  0.1122E-02
  0.2195E+04  0.1059E-01  0.1101E-02
  0.2200E+04  0.1078E-01  0.1077E-02
                   
   Partial-wave = H39
   W (MeV)   < MB (nf)|T| MB (ni) > 
  0.1615E+04  0.0000E+00  0.0000E+00
  0.1620E+04  0.0000E+00  0.0000E+00
  0.1625E+04  0.0000E+00  0.0000E+00
  0.1630E+04  0.0000E+00  0.0000E+00
  0.1635E+04  0.0000E+00  0.0000E+00
  0.1640E+04  0.0000E+00  0.0000E+00
  0.1645E+04  0.0000E+00  0.0000E+00
  0.1650E+04  0.0000E+00  0.0000E+00
  0.1655E+04  0.0000E+00  0.0000E+00
  0.1660E+04  0.0000E+00  0.0000E+00
  0.1665E+04  0.0000E+00  0.0000E+00
  0.1670E+04  0.0000E+00  0.0000E+00
  0.1675E+04  0.0000E+00  0.0000E+00
  0.1680E+04  0.0000E+00  0.0000E+00
  0.1685E+04  0.0000E+00  0.0000E+00
  0.1690E+04  0.0000E+00  0.0000E+00
  0.1695E+04  0.0000E+00  0.0000E+00
  0.1700E+04  0.0000E+00  0.0000E+00
  0.1705E+04  0.0000E+00  0.0000E+00
  0.1710E+04  0.0000E+00  0.0000E+00
  0.1715E+04  0.0000E+00  0.0000E+00
  0.1720E+04  0.0000E+00  0.0000E+00
  0.1725E+04  0.0000E+00  0.0000E+00
  0.1730E+04  0.0000E+00  0.0000E+00
  0.1735E+04  0.0000E+00  0.0000E+00
  0.1740E+04  0.0000E+00  0.0000E+00
  0.1745E+04  0.0000E+00  0.0000E+00
  0.1750E+04  0.0000E+00  0.0000E+00
  0.1755E+04  0.0000E+00  0.0000E+00
  0.1760E+04  0.0000E+00  0.0000E+00
  0.1765E+04  0.0000E+00  0.0000E+00
  0.1770E+04  0.0000E+00  0.0000E+00
  0.1775E+04  0.0000E+00  0.0000E+00
  0.1780E+04  0.0000E+00  0.0000E+00
  0.1785E+04  0.0000E+00  0.0000E+00
  0.1790E+04  0.0000E+00  0.0000E+00
  0.1795E+04  0.0000E+00  0.0000E+00
  0.1800E+04  0.0000E+00  0.0000E+00
  0.1805E+04  0.0000E+00  0.0000E+00
  0.1810E+04  0.0000E+00  0.0000E+00
  0.1815E+04  0.0000E+00  0.0000E+00
  0.1820E+04  0.0000E+00  0.0000E+00
  0.1825E+04  0.0000E+00  0.0000E+00
  0.1830E+04  0.0000E+00  0.0000E+00
  0.1835E+04  0.0000E+00  0.0000E+00
  0.1840E+04  0.0000E+00  0.0000E+00
  0.1845E+04  0.0000E+00  0.0000E+00
  0.1850E+04  0.0000E+00  0.0000E+00
  0.1855E+04  0.0000E+00  0.0000E+00
  0.1860E+04  0.0000E+00  0.0000E+00
  0.1865E+04  0.0000E+00  0.0000E+00
  0.1870E+04  0.0000E+00  0.0000E+00
  0.1875E+04  0.0000E+00  0.0000E+00
  0.1880E+04  0.0000E+00  0.0000E+00
  0.1885E+04  0.0000E+00  0.0000E+00
  0.1890E+04  0.0000E+00  0.0000E+00
  0.1895E+04  0.0000E+00  0.0000E+00
  0.1900E+04  0.0000E+00  0.0000E+00
  0.1905E+04  0.0000E+00  0.0000E+00
  0.1910E+04  0.0000E+00  0.0000E+00
  0.1915E+04  0.0000E+00  0.0000E+00
  0.1920E+04  0.0000E+00  0.0000E+00
  0.1925E+04  0.0000E+00  0.0000E+00
  0.1930E+04  0.0000E+00  0.0000E+00
  0.1935E+04  0.0000E+00  0.0000E+00
  0.1940E+04  0.0000E+00  0.0000E+00
  0.1945E+04  0.0000E+00  0.0000E+00
  0.1950E+04  0.0000E+00  0.0000E+00
  0.1955E+04  0.0000E+00  0.0000E+00
  0.1960E+04  0.0000E+00  0.0000E+00
  0.1965E+04  0.0000E+00  0.0000E+00
  0.1970E+04  0.0000E+00  0.0000E+00
  0.1975E+04  0.0000E+00  0.0000E+00
  0.1980E+04  0.0000E+00  0.0000E+00
  0.1985E+04  0.0000E+00  0.0000E+00
  0.1990E+04  0.0000E+00  0.0000E+00
  0.1995E+04  0.0000E+00  0.0000E+00
  0.2000E+04  0.0000E+00  0.0000E+00
  0.2005E+04  0.0000E+00  0.0000E+00
  0.2010E+04  0.0000E+00  0.0000E+00
  0.2015E+04  0.0000E+00  0.0000E+00
  0.2020E+04  0.0000E+00  0.0000E+00
  0.2025E+04  0.0000E+00  0.0000E+00
  0.2030E+04  0.0000E+00  0.0000E+00
  0.2035E+04  0.0000E+00  0.0000E+00
  0.2040E+04  0.0000E+00  0.0000E+00
  0.2045E+04  0.0000E+00  0.0000E+00
  0.2050E+04  0.0000E+00  0.0000E+00
  0.2055E+04  0.0000E+00  0.0000E+00
  0.2060E+04  0.0000E+00  0.0000E+00
  0.2065E+04  0.0000E+00  0.0000E+00
  0.2070E+04  0.0000E+00  0.0000E+00
  0.2075E+04  0.0000E+00  0.0000E+00
  0.2080E+04  0.0000E+00  0.0000E+00
  0.2085E+04  0.0000E+00  0.0000E+00
  0.2090E+04  0.0000E+00  0.0000E+00
  0.2095E+04  0.0000E+00  0.0000E+00
  0.2100E+04  0.0000E+00  0.0000E+00
  0.2105E+04  0.0000E+00  0.0000E+00
  0.2110E+04  0.0000E+00  0.0000E+00
  0.2115E+04  0.0000E+00  0.0000E+00
  0.2120E+04  0.0000E+00  0.0000E+00
  0.2125E+04  0.0000E+00  0.0000E+00
  0.2130E+04  0.0000E+00  0.0000E+00
  0.2135E+04  0.0000E+00  0.0000E+00
  0.2140E+04  0.0000E+00  0.0000E+00
  0.2145E+04  0.0000E+00  0.0000E+00
  0.2150E+04  0.0000E+00  0.0000E+00
  0.2155E+04  0.0000E+00  0.0000E+00
  0.2160E+04  0.0000E+00  0.0000E+00
  0.2165E+04  0.0000E+00  0.0000E+00
  0.2170E+04  0.0000E+00  0.0000E+00
  0.2175E+04  0.0000E+00  0.0000E+00
  0.2180E+04  0.0000E+00  0.0000E+00
  0.2185E+04  0.0000E+00  0.0000E+00
  0.2190E+04  0.0000E+00  0.0000E+00
  0.2195E+04  0.0000E+00  0.0000E+00
  0.2200E+04  0.0000E+00  0.0000E+00
