  
   ANL-osaka amplitudes : < MB (nf)|T| MB (ni) > 
   Relation to S-matrix : S = 1 + 2 i T
 ---------------------------------- 
  Requested Amplitudes
  MB(nf)=  K-Lambd,   MB(ni)=  eta-N  
                   
                   
   Partial-wave = S11
   W (MeV)   < MB (nf)|T| MB (ni) > 
  0.1615E+04 -0.7397E-01  0.4439E-01
  0.1620E+04 -0.8808E-01  0.5059E-01
  0.1625E+04 -0.9600E-01  0.5278E-01
  0.1630E+04 -0.1007E+00  0.5313E-01
  0.1635E+04 -0.1032E+00  0.5253E-01
  0.1640E+04 -0.1040E+00  0.5150E-01
  0.1645E+04 -0.1033E+00  0.5042E-01
  0.1650E+04 -0.1015E+00  0.4957E-01
  0.1655E+04 -0.9871E-01  0.4918E-01
  0.1660E+04 -0.9526E-01  0.4938E-01
  0.1665E+04 -0.9134E-01  0.5024E-01
  0.1670E+04 -0.8712E-01  0.5176E-01
  0.1675E+04 -0.8260E-01  0.5373E-01
  0.1680E+04 -0.7700E-01  0.5582E-01
  0.1685E+04 -0.6678E-01  0.6025E-01
  0.1690E+04 -0.6246E-01  0.8308E-01
  0.1695E+04 -0.7400E-01  0.9054E-01
  0.1700E+04 -0.8045E-01  0.9223E-01
  0.1705E+04 -0.8453E-01  0.9323E-01
  0.1710E+04 -0.8759E-01  0.9399E-01
  0.1715E+04 -0.9006E-01  0.9460E-01
  0.1720E+04 -0.9217E-01  0.9513E-01
  0.1725E+04 -0.9404E-01  0.9559E-01
  0.1730E+04 -0.9576E-01  0.9600E-01
  0.1735E+04 -0.9740E-01  0.9635E-01
  0.1740E+04 -0.9897E-01  0.9664E-01
  0.1745E+04 -0.1005E+00  0.9685E-01
  0.1750E+04 -0.1020E+00  0.9697E-01
  0.1755E+04 -0.1035E+00  0.9701E-01
  0.1760E+04 -0.1050E+00  0.9697E-01
  0.1765E+04 -0.1065E+00  0.9684E-01
  0.1770E+04 -0.1079E+00  0.9663E-01
  0.1775E+04 -0.1093E+00  0.9633E-01
  0.1780E+04 -0.1107E+00  0.9595E-01
  0.1785E+04 -0.1120E+00  0.9551E-01
  0.1790E+04 -0.1134E+00  0.9499E-01
  0.1795E+04 -0.1147E+00  0.9441E-01
  0.1800E+04 -0.1159E+00  0.9377E-01
  0.1805E+04 -0.1171E+00  0.9307E-01
  0.1810E+04 -0.1183E+00  0.9234E-01
  0.1815E+04 -0.1194E+00  0.9156E-01
  0.1820E+04 -0.1205E+00  0.9075E-01
  0.1825E+04 -0.1215E+00  0.8990E-01
  0.1830E+04 -0.1225E+00  0.8904E-01
  0.1835E+04 -0.1234E+00  0.8816E-01
  0.1840E+04 -0.1244E+00  0.8726E-01
  0.1845E+04 -0.1252E+00  0.8635E-01
  0.1850E+04 -0.1261E+00  0.8544E-01
  0.1855E+04 -0.1269E+00  0.8452E-01
  0.1860E+04 -0.1277E+00  0.8360E-01
  0.1865E+04 -0.1284E+00  0.8268E-01
  0.1870E+04 -0.1292E+00  0.8176E-01
  0.1875E+04 -0.1299E+00  0.8084E-01
  0.1880E+04 -0.1306E+00  0.7993E-01
  0.1885E+04 -0.1312E+00  0.7902E-01
  0.1890E+04 -0.1319E+00  0.7812E-01
  0.1895E+04 -0.1325E+00  0.7723E-01
  0.1900E+04 -0.1331E+00  0.7633E-01
  0.1905E+04 -0.1338E+00  0.7545E-01
  0.1910E+04 -0.1343E+00  0.7457E-01
  0.1915E+04 -0.1349E+00  0.7369E-01
  0.1920E+04 -0.1355E+00  0.7282E-01
  0.1925E+04 -0.1360E+00  0.7195E-01
  0.1930E+04 -0.1366E+00  0.7109E-01
  0.1935E+04 -0.1371E+00  0.7024E-01
  0.1940E+04 -0.1376E+00  0.6939E-01
  0.1945E+04 -0.1381E+00  0.6855E-01
  0.1950E+04 -0.1386E+00  0.6772E-01
  0.1955E+04 -0.1391E+00  0.6690E-01
  0.1960E+04 -0.1396E+00  0.6608E-01
  0.1965E+04 -0.1400E+00  0.6527E-01
  0.1970E+04 -0.1405E+00  0.6447E-01
  0.1975E+04 -0.1409E+00  0.6368E-01
  0.1980E+04 -0.1414E+00  0.6290E-01
  0.1985E+04 -0.1418E+00  0.6212E-01
  0.1990E+04 -0.1422E+00  0.6135E-01
  0.1995E+04 -0.1426E+00  0.6060E-01
  0.2000E+04 -0.1430E+00  0.5985E-01
  0.2005E+04 -0.1434E+00  0.5910E-01
  0.2010E+04 -0.1438E+00  0.5837E-01
  0.2015E+04 -0.1442E+00  0.5764E-01
  0.2020E+04 -0.1446E+00  0.5692E-01
  0.2025E+04 -0.1450E+00  0.5621E-01
  0.2030E+04 -0.1454E+00  0.5550E-01
  0.2035E+04 -0.1457E+00  0.5480E-01
  0.2040E+04 -0.1461E+00  0.5411E-01
  0.2045E+04 -0.1464E+00  0.5342E-01
  0.2050E+04 -0.1468E+00  0.5273E-01
  0.2055E+04 -0.1472E+00  0.5205E-01
  0.2060E+04 -0.1475E+00  0.5138E-01
  0.2065E+04 -0.1478E+00  0.5072E-01
  0.2070E+04 -0.1482E+00  0.5005E-01
  0.2075E+04 -0.1485E+00  0.4940E-01
  0.2080E+04 -0.1488E+00  0.4874E-01
  0.2085E+04 -0.1491E+00  0.4810E-01
  0.2090E+04 -0.1494E+00  0.4746E-01
  0.2095E+04 -0.1497E+00  0.4682E-01
  0.2100E+04 -0.1500E+00  0.4619E-01
  0.2105E+04 -0.1503E+00  0.4556E-01
  0.2110E+04 -0.1506E+00  0.4494E-01
  0.2115E+04 -0.1509E+00  0.4433E-01
  0.2120E+04 -0.1511E+00  0.4372E-01
  0.2125E+04 -0.1514E+00  0.4312E-01
  0.2130E+04 -0.1517E+00  0.4252E-01
  0.2135E+04 -0.1519E+00  0.4193E-01
  0.2140E+04 -0.1522E+00  0.4134E-01
  0.2145E+04 -0.1524E+00  0.4076E-01
  0.2150E+04 -0.1527E+00  0.4019E-01
  0.2155E+04 -0.1529E+00  0.3962E-01
  0.2160E+04 -0.1531E+00  0.3906E-01
  0.2165E+04 -0.1533E+00  0.3850E-01
  0.2170E+04 -0.1536E+00  0.3795E-01
  0.2175E+04 -0.1538E+00  0.3741E-01
  0.2180E+04 -0.1540E+00  0.3687E-01
  0.2185E+04 -0.1542E+00  0.3634E-01
  0.2190E+04 -0.1545E+00  0.3581E-01
  0.2195E+04 -0.1547E+00  0.3528E-01
  0.2200E+04 -0.1549E+00  0.3476E-01
                   
   Partial-wave = S31
   W (MeV)   < MB (nf)|T| MB (ni) > 
  0.1615E+04  0.0000E+00  0.0000E+00
  0.1620E+04  0.0000E+00  0.0000E+00
  0.1625E+04  0.0000E+00  0.0000E+00
  0.1630E+04  0.0000E+00  0.0000E+00
  0.1635E+04  0.0000E+00  0.0000E+00
  0.1640E+04  0.0000E+00  0.0000E+00
  0.1645E+04  0.0000E+00  0.0000E+00
  0.1650E+04  0.0000E+00  0.0000E+00
  0.1655E+04  0.0000E+00  0.0000E+00
  0.1660E+04  0.0000E+00  0.0000E+00
  0.1665E+04  0.0000E+00  0.0000E+00
  0.1670E+04  0.0000E+00  0.0000E+00
  0.1675E+04  0.0000E+00  0.0000E+00
  0.1680E+04  0.0000E+00  0.0000E+00
  0.1685E+04  0.0000E+00  0.0000E+00
  0.1690E+04  0.0000E+00  0.0000E+00
  0.1695E+04  0.0000E+00  0.0000E+00
  0.1700E+04  0.0000E+00  0.0000E+00
  0.1705E+04  0.0000E+00  0.0000E+00
  0.1710E+04  0.0000E+00  0.0000E+00
  0.1715E+04  0.0000E+00  0.0000E+00
  0.1720E+04  0.0000E+00  0.0000E+00
  0.1725E+04  0.0000E+00  0.0000E+00
  0.1730E+04  0.0000E+00  0.0000E+00
  0.1735E+04  0.0000E+00  0.0000E+00
  0.1740E+04  0.0000E+00  0.0000E+00
  0.1745E+04  0.0000E+00  0.0000E+00
  0.1750E+04  0.0000E+00  0.0000E+00
  0.1755E+04  0.0000E+00  0.0000E+00
  0.1760E+04  0.0000E+00  0.0000E+00
  0.1765E+04  0.0000E+00  0.0000E+00
  0.1770E+04  0.0000E+00  0.0000E+00
  0.1775E+04  0.0000E+00  0.0000E+00
  0.1780E+04  0.0000E+00  0.0000E+00
  0.1785E+04  0.0000E+00  0.0000E+00
  0.1790E+04  0.0000E+00  0.0000E+00
  0.1795E+04  0.0000E+00  0.0000E+00
  0.1800E+04  0.0000E+00  0.0000E+00
  0.1805E+04  0.0000E+00  0.0000E+00
  0.1810E+04  0.0000E+00  0.0000E+00
  0.1815E+04  0.0000E+00  0.0000E+00
  0.1820E+04  0.0000E+00  0.0000E+00
  0.1825E+04  0.0000E+00  0.0000E+00
  0.1830E+04  0.0000E+00  0.0000E+00
  0.1835E+04  0.0000E+00  0.0000E+00
  0.1840E+04  0.0000E+00  0.0000E+00
  0.1845E+04  0.0000E+00  0.0000E+00
  0.1850E+04  0.0000E+00  0.0000E+00
  0.1855E+04  0.0000E+00  0.0000E+00
  0.1860E+04  0.0000E+00  0.0000E+00
  0.1865E+04  0.0000E+00  0.0000E+00
  0.1870E+04  0.0000E+00  0.0000E+00
  0.1875E+04  0.0000E+00  0.0000E+00
  0.1880E+04  0.0000E+00  0.0000E+00
  0.1885E+04  0.0000E+00  0.0000E+00
  0.1890E+04  0.0000E+00  0.0000E+00
  0.1895E+04  0.0000E+00  0.0000E+00
  0.1900E+04  0.0000E+00  0.0000E+00
  0.1905E+04  0.0000E+00  0.0000E+00
  0.1910E+04  0.0000E+00  0.0000E+00
  0.1915E+04  0.0000E+00  0.0000E+00
  0.1920E+04  0.0000E+00  0.0000E+00
  0.1925E+04  0.0000E+00  0.0000E+00
  0.1930E+04  0.0000E+00  0.0000E+00
  0.1935E+04  0.0000E+00  0.0000E+00
  0.1940E+04  0.0000E+00  0.0000E+00
  0.1945E+04  0.0000E+00  0.0000E+00
  0.1950E+04  0.0000E+00  0.0000E+00
  0.1955E+04  0.0000E+00  0.0000E+00
  0.1960E+04  0.0000E+00  0.0000E+00
  0.1965E+04  0.0000E+00  0.0000E+00
  0.1970E+04  0.0000E+00  0.0000E+00
  0.1975E+04  0.0000E+00  0.0000E+00
  0.1980E+04  0.0000E+00  0.0000E+00
  0.1985E+04  0.0000E+00  0.0000E+00
  0.1990E+04  0.0000E+00  0.0000E+00
  0.1995E+04  0.0000E+00  0.0000E+00
  0.2000E+04  0.0000E+00  0.0000E+00
  0.2005E+04  0.0000E+00  0.0000E+00
  0.2010E+04  0.0000E+00  0.0000E+00
  0.2015E+04  0.0000E+00  0.0000E+00
  0.2020E+04  0.0000E+00  0.0000E+00
  0.2025E+04  0.0000E+00  0.0000E+00
  0.2030E+04  0.0000E+00  0.0000E+00
  0.2035E+04  0.0000E+00  0.0000E+00
  0.2040E+04  0.0000E+00  0.0000E+00
  0.2045E+04  0.0000E+00  0.0000E+00
  0.2050E+04  0.0000E+00  0.0000E+00
  0.2055E+04  0.0000E+00  0.0000E+00
  0.2060E+04  0.0000E+00  0.0000E+00
  0.2065E+04  0.0000E+00  0.0000E+00
  0.2070E+04  0.0000E+00  0.0000E+00
  0.2075E+04  0.0000E+00  0.0000E+00
  0.2080E+04  0.0000E+00  0.0000E+00
  0.2085E+04  0.0000E+00  0.0000E+00
  0.2090E+04  0.0000E+00  0.0000E+00
  0.2095E+04  0.0000E+00  0.0000E+00
  0.2100E+04  0.0000E+00  0.0000E+00
  0.2105E+04  0.0000E+00  0.0000E+00
  0.2110E+04  0.0000E+00  0.0000E+00
  0.2115E+04  0.0000E+00  0.0000E+00
  0.2120E+04  0.0000E+00  0.0000E+00
  0.2125E+04  0.0000E+00  0.0000E+00
  0.2130E+04  0.0000E+00  0.0000E+00
  0.2135E+04  0.0000E+00  0.0000E+00
  0.2140E+04  0.0000E+00  0.0000E+00
  0.2145E+04  0.0000E+00  0.0000E+00
  0.2150E+04  0.0000E+00  0.0000E+00
  0.2155E+04  0.0000E+00  0.0000E+00
  0.2160E+04  0.0000E+00  0.0000E+00
  0.2165E+04  0.0000E+00  0.0000E+00
  0.2170E+04  0.0000E+00  0.0000E+00
  0.2175E+04  0.0000E+00  0.0000E+00
  0.2180E+04  0.0000E+00  0.0000E+00
  0.2185E+04  0.0000E+00  0.0000E+00
  0.2190E+04  0.0000E+00  0.0000E+00
  0.2195E+04  0.0000E+00  0.0000E+00
  0.2200E+04  0.0000E+00  0.0000E+00
                   
   Partial-wave = P11
   W (MeV)   < MB (nf)|T| MB (ni) > 
  0.1615E+04 -0.4879E-02  0.3097E-02
  0.1620E+04 -0.8502E-02  0.5544E-02
  0.1625E+04 -0.1145E-01  0.7663E-02
  0.1630E+04 -0.1398E-01  0.9588E-02
  0.1635E+04 -0.1617E-01  0.1137E-01
  0.1640E+04 -0.1809E-01  0.1306E-01
  0.1645E+04 -0.1976E-01  0.1466E-01
  0.1650E+04 -0.2121E-01  0.1620E-01
  0.1655E+04 -0.2245E-01  0.1769E-01
  0.1660E+04 -0.2349E-01  0.1915E-01
  0.1665E+04 -0.2435E-01  0.2059E-01
  0.1670E+04 -0.2501E-01  0.2203E-01
  0.1675E+04 -0.2547E-01  0.2349E-01
  0.1680E+04 -0.2573E-01  0.2500E-01
  0.1685E+04 -0.2573E-01  0.2654E-01
  0.1690E+04 -0.2529E-01  0.2841E-01
  0.1695E+04 -0.2491E-01  0.3089E-01
  0.1700E+04 -0.2481E-01  0.3365E-01
  0.1705E+04 -0.2494E-01  0.3659E-01
  0.1710E+04 -0.2533E-01  0.3966E-01
  0.1715E+04 -0.2601E-01  0.4278E-01
  0.1720E+04 -0.2697E-01  0.4589E-01
  0.1725E+04 -0.2819E-01  0.4893E-01
  0.1730E+04 -0.2965E-01  0.5186E-01
  0.1735E+04 -0.3132E-01  0.5464E-01
  0.1740E+04 -0.3318E-01  0.5724E-01
  0.1745E+04 -0.3518E-01  0.5965E-01
  0.1750E+04 -0.3731E-01  0.6186E-01
  0.1755E+04 -0.3953E-01  0.6385E-01
  0.1760E+04 -0.4182E-01  0.6563E-01
  0.1765E+04 -0.4415E-01  0.6719E-01
  0.1770E+04 -0.4650E-01  0.6853E-01
  0.1775E+04 -0.4885E-01  0.6966E-01
  0.1780E+04 -0.5117E-01  0.7059E-01
  0.1785E+04 -0.5345E-01  0.7132E-01
  0.1790E+04 -0.5567E-01  0.7187E-01
  0.1795E+04 -0.5781E-01  0.7225E-01
  0.1800E+04 -0.5986E-01  0.7249E-01
  0.1805E+04 -0.6182E-01  0.7259E-01
  0.1810E+04 -0.6367E-01  0.7257E-01
  0.1815E+04 -0.6542E-01  0.7245E-01
  0.1820E+04 -0.6706E-01  0.7225E-01
  0.1825E+04 -0.6860E-01  0.7197E-01
  0.1830E+04 -0.7004E-01  0.7163E-01
  0.1835E+04 -0.7139E-01  0.7125E-01
  0.1840E+04 -0.7265E-01  0.7083E-01
  0.1845E+04 -0.7383E-01  0.7037E-01
  0.1850E+04 -0.7493E-01  0.6989E-01
  0.1855E+04 -0.7596E-01  0.6938E-01
  0.1860E+04 -0.7692E-01  0.6886E-01
  0.1865E+04 -0.7782E-01  0.6831E-01
  0.1870E+04 -0.7866E-01  0.6776E-01
  0.1875E+04 -0.7945E-01  0.6718E-01
  0.1880E+04 -0.8018E-01  0.6660E-01
  0.1885E+04 -0.8087E-01  0.6600E-01
  0.1890E+04 -0.8151E-01  0.6539E-01
  0.1895E+04 -0.8210E-01  0.6477E-01
  0.1900E+04 -0.8265E-01  0.6414E-01
  0.1905E+04 -0.8316E-01  0.6350E-01
  0.1910E+04 -0.8361E-01  0.6285E-01
  0.1915E+04 -0.8403E-01  0.6220E-01
  0.1920E+04 -0.8441E-01  0.6154E-01
  0.1925E+04 -0.8474E-01  0.6088E-01
  0.1930E+04 -0.8503E-01  0.6022E-01
  0.1935E+04 -0.8528E-01  0.5956E-01
  0.1940E+04 -0.8549E-01  0.5890E-01
  0.1945E+04 -0.8567E-01  0.5825E-01
  0.1950E+04 -0.8581E-01  0.5761E-01
  0.1955E+04 -0.8591E-01  0.5697E-01
  0.1960E+04 -0.8598E-01  0.5635E-01
  0.1965E+04 -0.8602E-01  0.5573E-01
  0.1970E+04 -0.8604E-01  0.5513E-01
  0.1975E+04 -0.8602E-01  0.5454E-01
  0.1980E+04 -0.8598E-01  0.5397E-01
  0.1985E+04 -0.8592E-01  0.5341E-01
  0.1990E+04 -0.8583E-01  0.5287E-01
  0.1995E+04 -0.8573E-01  0.5234E-01
  0.2000E+04 -0.8561E-01  0.5183E-01
  0.2005E+04 -0.8547E-01  0.5134E-01
  0.2010E+04 -0.8532E-01  0.5086E-01
  0.2015E+04 -0.8515E-01  0.5039E-01
  0.2020E+04 -0.8497E-01  0.4994E-01
  0.2025E+04 -0.8479E-01  0.4951E-01
  0.2030E+04 -0.8459E-01  0.4909E-01
  0.2035E+04 -0.8438E-01  0.4868E-01
  0.2040E+04 -0.8416E-01  0.4829E-01
  0.2045E+04 -0.8393E-01  0.4790E-01
  0.2050E+04 -0.8370E-01  0.4753E-01
  0.2055E+04 -0.8346E-01  0.4718E-01
  0.2060E+04 -0.8321E-01  0.4683E-01
  0.2065E+04 -0.8295E-01  0.4650E-01
  0.2070E+04 -0.8268E-01  0.4618E-01
  0.2075E+04 -0.8241E-01  0.4587E-01
  0.2080E+04 -0.8213E-01  0.4557E-01
  0.2085E+04 -0.8184E-01  0.4528E-01
  0.2090E+04 -0.8154E-01  0.4501E-01
  0.2095E+04 -0.8123E-01  0.4475E-01
  0.2100E+04 -0.8092E-01  0.4451E-01
  0.2105E+04 -0.8060E-01  0.4428E-01
  0.2110E+04 -0.8027E-01  0.4406E-01
  0.2115E+04 -0.7994E-01  0.4386E-01
  0.2120E+04 -0.7960E-01  0.4368E-01
  0.2125E+04 -0.7926E-01  0.4351E-01
  0.2130E+04 -0.7891E-01  0.4336E-01
  0.2135E+04 -0.7856E-01  0.4323E-01
  0.2140E+04 -0.7821E-01  0.4312E-01
  0.2145E+04 -0.7786E-01  0.4302E-01
  0.2150E+04 -0.7750E-01  0.4294E-01
  0.2155E+04 -0.7715E-01  0.4288E-01
  0.2160E+04 -0.7680E-01  0.4284E-01
  0.2165E+04 -0.7645E-01  0.4282E-01
  0.2170E+04 -0.7610E-01  0.4281E-01
  0.2175E+04 -0.7576E-01  0.4282E-01
  0.2180E+04 -0.7542E-01  0.4285E-01
  0.2185E+04 -0.7509E-01  0.4289E-01
  0.2190E+04 -0.7476E-01  0.4294E-01
  0.2195E+04 -0.7443E-01  0.4301E-01
  0.2200E+04 -0.7411E-01  0.4310E-01
                   
   Partial-wave = P13
   W (MeV)   < MB (nf)|T| MB (ni) > 
  0.1615E+04 -0.1666E-02 -0.2247E-04
  0.1620E+04 -0.2831E-02 -0.2947E-04
  0.1625E+04 -0.3729E-02 -0.2342E-04
  0.1630E+04 -0.4460E-02 -0.3823E-05
  0.1635E+04 -0.5073E-02  0.3108E-04
  0.1640E+04 -0.5595E-02  0.8365E-04
  0.1645E+04 -0.6049E-02  0.1566E-03
  0.1650E+04 -0.6452E-02  0.2528E-03
  0.1655E+04 -0.6818E-02  0.3752E-03
  0.1660E+04 -0.7161E-02  0.5260E-03
  0.1665E+04 -0.7495E-02  0.7067E-03
  0.1670E+04 -0.7833E-02  0.9174E-03
  0.1675E+04 -0.8189E-02  0.1156E-02
  0.1680E+04 -0.8576E-02  0.1417E-02
  0.1685E+04 -0.9006E-02  0.1692E-02
  0.1690E+04 -0.9491E-02  0.1968E-02
  0.1695E+04 -0.1003E-01  0.2225E-02
  0.1700E+04 -0.1061E-01  0.2456E-02
  0.1705E+04 -0.1125E-01  0.2648E-02
  0.1710E+04 -0.1192E-01  0.2791E-02
  0.1715E+04 -0.1262E-01  0.2878E-02
  0.1720E+04 -0.1333E-01  0.2907E-02
  0.1725E+04 -0.1404E-01  0.2880E-02
  0.1730E+04 -0.1473E-01  0.2804E-02
  0.1735E+04 -0.1541E-01  0.2684E-02
  0.1740E+04 -0.1607E-01  0.2529E-02
  0.1745E+04 -0.1670E-01  0.2349E-02
  0.1750E+04 -0.1730E-01  0.2149E-02
  0.1755E+04 -0.1788E-01  0.1938E-02
  0.1760E+04 -0.1843E-01  0.1719E-02
  0.1765E+04 -0.1896E-01  0.1499E-02
  0.1770E+04 -0.1947E-01  0.1279E-02
  0.1775E+04 -0.1996E-01  0.1063E-02
  0.1780E+04 -0.2043E-01  0.8533E-03
  0.1785E+04 -0.2090E-01  0.6505E-03
  0.1790E+04 -0.2135E-01  0.4560E-03
  0.1795E+04 -0.2179E-01  0.2705E-03
  0.1800E+04 -0.2222E-01  0.9447E-04
  0.1805E+04 -0.2264E-01 -0.7191E-04
  0.1810E+04 -0.2306E-01 -0.2285E-03
  0.1815E+04 -0.2348E-01 -0.3752E-03
  0.1820E+04 -0.2389E-01 -0.5121E-03
  0.1825E+04 -0.2430E-01 -0.6393E-03
  0.1830E+04 -0.2470E-01 -0.7568E-03
  0.1835E+04 -0.2511E-01 -0.8649E-03
  0.1840E+04 -0.2551E-01 -0.9635E-03
  0.1845E+04 -0.2591E-01 -0.1053E-02
  0.1850E+04 -0.2631E-01 -0.1133E-02
  0.1855E+04 -0.2671E-01 -0.1205E-02
  0.1860E+04 -0.2712E-01 -0.1269E-02
  0.1865E+04 -0.2752E-01 -0.1324E-02
  0.1870E+04 -0.2792E-01 -0.1371E-02
  0.1875E+04 -0.2833E-01 -0.1411E-02
  0.1880E+04 -0.2874E-01 -0.1444E-02
  0.1885E+04 -0.2915E-01 -0.1471E-02
  0.1890E+04 -0.2956E-01 -0.1492E-02
  0.1895E+04 -0.2998E-01 -0.1508E-02
  0.1900E+04 -0.3040E-01 -0.1519E-02
  0.1905E+04 -0.3082E-01 -0.1526E-02
  0.1910E+04 -0.3124E-01 -0.1529E-02
  0.1915E+04 -0.3167E-01 -0.1530E-02
  0.1920E+04 -0.3210E-01 -0.1527E-02
  0.1925E+04 -0.3253E-01 -0.1523E-02
  0.1930E+04 -0.3296E-01 -0.1517E-02
  0.1935E+04 -0.3340E-01 -0.1509E-02
  0.1940E+04 -0.3383E-01 -0.1499E-02
  0.1945E+04 -0.3426E-01 -0.1489E-02
  0.1950E+04 -0.3470E-01 -0.1478E-02
  0.1955E+04 -0.3513E-01 -0.1466E-02
  0.1960E+04 -0.3557E-01 -0.1453E-02
  0.1965E+04 -0.3600E-01 -0.1439E-02
  0.1970E+04 -0.3643E-01 -0.1425E-02
  0.1975E+04 -0.3687E-01 -0.1410E-02
  0.1980E+04 -0.3730E-01 -0.1394E-02
  0.1985E+04 -0.3773E-01 -0.1378E-02
  0.1990E+04 -0.3816E-01 -0.1361E-02
  0.1995E+04 -0.3858E-01 -0.1343E-02
  0.2000E+04 -0.3901E-01 -0.1325E-02
  0.2005E+04 -0.3943E-01 -0.1307E-02
  0.2010E+04 -0.3985E-01 -0.1288E-02
  0.2015E+04 -0.4027E-01 -0.1268E-02
  0.2020E+04 -0.4070E-01 -0.1248E-02
  0.2025E+04 -0.4111E-01 -0.1228E-02
  0.2030E+04 -0.4153E-01 -0.1208E-02
  0.2035E+04 -0.4194E-01 -0.1188E-02
  0.2040E+04 -0.4235E-01 -0.1167E-02
  0.2045E+04 -0.4277E-01 -0.1147E-02
  0.2050E+04 -0.4317E-01 -0.1127E-02
  0.2055E+04 -0.4358E-01 -0.1108E-02
  0.2060E+04 -0.4399E-01 -0.1089E-02
  0.2065E+04 -0.4439E-01 -0.1070E-02
  0.2070E+04 -0.4479E-01 -0.1051E-02
  0.2075E+04 -0.4518E-01 -0.1034E-02
  0.2080E+04 -0.4558E-01 -0.1017E-02
  0.2085E+04 -0.4597E-01 -0.1000E-02
  0.2090E+04 -0.4636E-01 -0.9848E-03
  0.2095E+04 -0.4675E-01 -0.9700E-03
  0.2100E+04 -0.4713E-01 -0.9560E-03
  0.2105E+04 -0.4751E-01 -0.9427E-03
  0.2110E+04 -0.4788E-01 -0.9301E-03
  0.2115E+04 -0.4826E-01 -0.9182E-03
  0.2120E+04 -0.4863E-01 -0.9069E-03
  0.2125E+04 -0.4899E-01 -0.8961E-03
  0.2130E+04 -0.4935E-01 -0.8857E-03
  0.2135E+04 -0.4971E-01 -0.8755E-03
  0.2140E+04 -0.5006E-01 -0.8654E-03
  0.2145E+04 -0.5041E-01 -0.8552E-03
  0.2150E+04 -0.5076E-01 -0.8448E-03
  0.2155E+04 -0.5110E-01 -0.8339E-03
  0.2160E+04 -0.5144E-01 -0.8224E-03
  0.2165E+04 -0.5177E-01 -0.8102E-03
  0.2170E+04 -0.5210E-01 -0.7970E-03
  0.2175E+04 -0.5242E-01 -0.7828E-03
  0.2180E+04 -0.5275E-01 -0.7673E-03
  0.2185E+04 -0.5306E-01 -0.7507E-03
  0.2190E+04 -0.5338E-01 -0.7327E-03
  0.2195E+04 -0.5369E-01 -0.7134E-03
  0.2200E+04 -0.5400E-01 -0.6928E-03
                   
   Partial-wave = P31
   W (MeV)   < MB (nf)|T| MB (ni) > 
  0.1615E+04  0.0000E+00  0.0000E+00
  0.1620E+04  0.0000E+00  0.0000E+00
  0.1625E+04  0.0000E+00  0.0000E+00
  0.1630E+04  0.0000E+00  0.0000E+00
  0.1635E+04  0.0000E+00  0.0000E+00
  0.1640E+04  0.0000E+00  0.0000E+00
  0.1645E+04  0.0000E+00  0.0000E+00
  0.1650E+04  0.0000E+00  0.0000E+00
  0.1655E+04  0.0000E+00  0.0000E+00
  0.1660E+04  0.0000E+00  0.0000E+00
  0.1665E+04  0.0000E+00  0.0000E+00
  0.1670E+04  0.0000E+00  0.0000E+00
  0.1675E+04  0.0000E+00  0.0000E+00
  0.1680E+04  0.0000E+00  0.0000E+00
  0.1685E+04  0.0000E+00  0.0000E+00
  0.1690E+04  0.0000E+00  0.0000E+00
  0.1695E+04  0.0000E+00  0.0000E+00
  0.1700E+04  0.0000E+00  0.0000E+00
  0.1705E+04  0.0000E+00  0.0000E+00
  0.1710E+04  0.0000E+00  0.0000E+00
  0.1715E+04  0.0000E+00  0.0000E+00
  0.1720E+04  0.0000E+00  0.0000E+00
  0.1725E+04  0.0000E+00  0.0000E+00
  0.1730E+04  0.0000E+00  0.0000E+00
  0.1735E+04  0.0000E+00  0.0000E+00
  0.1740E+04  0.0000E+00  0.0000E+00
  0.1745E+04  0.0000E+00  0.0000E+00
  0.1750E+04  0.0000E+00  0.0000E+00
  0.1755E+04  0.0000E+00  0.0000E+00
  0.1760E+04  0.0000E+00  0.0000E+00
  0.1765E+04  0.0000E+00  0.0000E+00
  0.1770E+04  0.0000E+00  0.0000E+00
  0.1775E+04  0.0000E+00  0.0000E+00
  0.1780E+04  0.0000E+00  0.0000E+00
  0.1785E+04  0.0000E+00  0.0000E+00
  0.1790E+04  0.0000E+00  0.0000E+00
  0.1795E+04  0.0000E+00  0.0000E+00
  0.1800E+04  0.0000E+00  0.0000E+00
  0.1805E+04  0.0000E+00  0.0000E+00
  0.1810E+04  0.0000E+00  0.0000E+00
  0.1815E+04  0.0000E+00  0.0000E+00
  0.1820E+04  0.0000E+00  0.0000E+00
  0.1825E+04  0.0000E+00  0.0000E+00
  0.1830E+04  0.0000E+00  0.0000E+00
  0.1835E+04  0.0000E+00  0.0000E+00
  0.1840E+04  0.0000E+00  0.0000E+00
  0.1845E+04  0.0000E+00  0.0000E+00
  0.1850E+04  0.0000E+00  0.0000E+00
  0.1855E+04  0.0000E+00  0.0000E+00
  0.1860E+04  0.0000E+00  0.0000E+00
  0.1865E+04  0.0000E+00  0.0000E+00
  0.1870E+04  0.0000E+00  0.0000E+00
  0.1875E+04  0.0000E+00  0.0000E+00
  0.1880E+04  0.0000E+00  0.0000E+00
  0.1885E+04  0.0000E+00  0.0000E+00
  0.1890E+04  0.0000E+00  0.0000E+00
  0.1895E+04  0.0000E+00  0.0000E+00
  0.1900E+04  0.0000E+00  0.0000E+00
  0.1905E+04  0.0000E+00  0.0000E+00
  0.1910E+04  0.0000E+00  0.0000E+00
  0.1915E+04  0.0000E+00  0.0000E+00
  0.1920E+04  0.0000E+00  0.0000E+00
  0.1925E+04  0.0000E+00  0.0000E+00
  0.1930E+04  0.0000E+00  0.0000E+00
  0.1935E+04  0.0000E+00  0.0000E+00
  0.1940E+04  0.0000E+00  0.0000E+00
  0.1945E+04  0.0000E+00  0.0000E+00
  0.1950E+04  0.0000E+00  0.0000E+00
  0.1955E+04  0.0000E+00  0.0000E+00
  0.1960E+04  0.0000E+00  0.0000E+00
  0.1965E+04  0.0000E+00  0.0000E+00
  0.1970E+04  0.0000E+00  0.0000E+00
  0.1975E+04  0.0000E+00  0.0000E+00
  0.1980E+04  0.0000E+00  0.0000E+00
  0.1985E+04  0.0000E+00  0.0000E+00
  0.1990E+04  0.0000E+00  0.0000E+00
  0.1995E+04  0.0000E+00  0.0000E+00
  0.2000E+04  0.0000E+00  0.0000E+00
  0.2005E+04  0.0000E+00  0.0000E+00
  0.2010E+04  0.0000E+00  0.0000E+00
  0.2015E+04  0.0000E+00  0.0000E+00
  0.2020E+04  0.0000E+00  0.0000E+00
  0.2025E+04  0.0000E+00  0.0000E+00
  0.2030E+04  0.0000E+00  0.0000E+00
  0.2035E+04  0.0000E+00  0.0000E+00
  0.2040E+04  0.0000E+00  0.0000E+00
  0.2045E+04  0.0000E+00  0.0000E+00
  0.2050E+04  0.0000E+00  0.0000E+00
  0.2055E+04  0.0000E+00  0.0000E+00
  0.2060E+04  0.0000E+00  0.0000E+00
  0.2065E+04  0.0000E+00  0.0000E+00
  0.2070E+04  0.0000E+00  0.0000E+00
  0.2075E+04  0.0000E+00  0.0000E+00
  0.2080E+04  0.0000E+00  0.0000E+00
  0.2085E+04  0.0000E+00  0.0000E+00
  0.2090E+04  0.0000E+00  0.0000E+00
  0.2095E+04  0.0000E+00  0.0000E+00
  0.2100E+04  0.0000E+00  0.0000E+00
  0.2105E+04  0.0000E+00  0.0000E+00
  0.2110E+04  0.0000E+00  0.0000E+00
  0.2115E+04  0.0000E+00  0.0000E+00
  0.2120E+04  0.0000E+00  0.0000E+00
  0.2125E+04  0.0000E+00  0.0000E+00
  0.2130E+04  0.0000E+00  0.0000E+00
  0.2135E+04  0.0000E+00  0.0000E+00
  0.2140E+04  0.0000E+00  0.0000E+00
  0.2145E+04  0.0000E+00  0.0000E+00
  0.2150E+04  0.0000E+00  0.0000E+00
  0.2155E+04  0.0000E+00  0.0000E+00
  0.2160E+04  0.0000E+00  0.0000E+00
  0.2165E+04  0.0000E+00  0.0000E+00
  0.2170E+04  0.0000E+00  0.0000E+00
  0.2175E+04  0.0000E+00  0.0000E+00
  0.2180E+04  0.0000E+00  0.0000E+00
  0.2185E+04  0.0000E+00  0.0000E+00
  0.2190E+04  0.0000E+00  0.0000E+00
  0.2195E+04  0.0000E+00  0.0000E+00
  0.2200E+04  0.0000E+00  0.0000E+00
                   
   Partial-wave = P33
   W (MeV)   < MB (nf)|T| MB (ni) > 
  0.1615E+04  0.0000E+00  0.0000E+00
  0.1620E+04  0.0000E+00  0.0000E+00
  0.1625E+04  0.0000E+00  0.0000E+00
  0.1630E+04  0.0000E+00  0.0000E+00
  0.1635E+04  0.0000E+00  0.0000E+00
  0.1640E+04  0.0000E+00  0.0000E+00
  0.1645E+04  0.0000E+00  0.0000E+00
  0.1650E+04  0.0000E+00  0.0000E+00
  0.1655E+04  0.0000E+00  0.0000E+00
  0.1660E+04  0.0000E+00  0.0000E+00
  0.1665E+04  0.0000E+00  0.0000E+00
  0.1670E+04  0.0000E+00  0.0000E+00
  0.1675E+04  0.0000E+00  0.0000E+00
  0.1680E+04  0.0000E+00  0.0000E+00
  0.1685E+04  0.0000E+00  0.0000E+00
  0.1690E+04  0.0000E+00  0.0000E+00
  0.1695E+04  0.0000E+00  0.0000E+00
  0.1700E+04  0.0000E+00  0.0000E+00
  0.1705E+04  0.0000E+00  0.0000E+00
  0.1710E+04  0.0000E+00  0.0000E+00
  0.1715E+04  0.0000E+00  0.0000E+00
  0.1720E+04  0.0000E+00  0.0000E+00
  0.1725E+04  0.0000E+00  0.0000E+00
  0.1730E+04  0.0000E+00  0.0000E+00
  0.1735E+04  0.0000E+00  0.0000E+00
  0.1740E+04  0.0000E+00  0.0000E+00
  0.1745E+04  0.0000E+00  0.0000E+00
  0.1750E+04  0.0000E+00  0.0000E+00
  0.1755E+04  0.0000E+00  0.0000E+00
  0.1760E+04  0.0000E+00  0.0000E+00
  0.1765E+04  0.0000E+00  0.0000E+00
  0.1770E+04  0.0000E+00  0.0000E+00
  0.1775E+04  0.0000E+00  0.0000E+00
  0.1780E+04  0.0000E+00  0.0000E+00
  0.1785E+04  0.0000E+00  0.0000E+00
  0.1790E+04  0.0000E+00  0.0000E+00
  0.1795E+04  0.0000E+00  0.0000E+00
  0.1800E+04  0.0000E+00  0.0000E+00
  0.1805E+04  0.0000E+00  0.0000E+00
  0.1810E+04  0.0000E+00  0.0000E+00
  0.1815E+04  0.0000E+00  0.0000E+00
  0.1820E+04  0.0000E+00  0.0000E+00
  0.1825E+04  0.0000E+00  0.0000E+00
  0.1830E+04  0.0000E+00  0.0000E+00
  0.1835E+04  0.0000E+00  0.0000E+00
  0.1840E+04  0.0000E+00  0.0000E+00
  0.1845E+04  0.0000E+00  0.0000E+00
  0.1850E+04  0.0000E+00  0.0000E+00
  0.1855E+04  0.0000E+00  0.0000E+00
  0.1860E+04  0.0000E+00  0.0000E+00
  0.1865E+04  0.0000E+00  0.0000E+00
  0.1870E+04  0.0000E+00  0.0000E+00
  0.1875E+04  0.0000E+00  0.0000E+00
  0.1880E+04  0.0000E+00  0.0000E+00
  0.1885E+04  0.0000E+00  0.0000E+00
  0.1890E+04  0.0000E+00  0.0000E+00
  0.1895E+04  0.0000E+00  0.0000E+00
  0.1900E+04  0.0000E+00  0.0000E+00
  0.1905E+04  0.0000E+00  0.0000E+00
  0.1910E+04  0.0000E+00  0.0000E+00
  0.1915E+04  0.0000E+00  0.0000E+00
  0.1920E+04  0.0000E+00  0.0000E+00
  0.1925E+04  0.0000E+00  0.0000E+00
  0.1930E+04  0.0000E+00  0.0000E+00
  0.1935E+04  0.0000E+00  0.0000E+00
  0.1940E+04  0.0000E+00  0.0000E+00
  0.1945E+04  0.0000E+00  0.0000E+00
  0.1950E+04  0.0000E+00  0.0000E+00
  0.1955E+04  0.0000E+00  0.0000E+00
  0.1960E+04  0.0000E+00  0.0000E+00
  0.1965E+04  0.0000E+00  0.0000E+00
  0.1970E+04  0.0000E+00  0.0000E+00
  0.1975E+04  0.0000E+00  0.0000E+00
  0.1980E+04  0.0000E+00  0.0000E+00
  0.1985E+04  0.0000E+00  0.0000E+00
  0.1990E+04  0.0000E+00  0.0000E+00
  0.1995E+04  0.0000E+00  0.0000E+00
  0.2000E+04  0.0000E+00  0.0000E+00
  0.2005E+04  0.0000E+00  0.0000E+00
  0.2010E+04  0.0000E+00  0.0000E+00
  0.2015E+04  0.0000E+00  0.0000E+00
  0.2020E+04  0.0000E+00  0.0000E+00
  0.2025E+04  0.0000E+00  0.0000E+00
  0.2030E+04  0.0000E+00  0.0000E+00
  0.2035E+04  0.0000E+00  0.0000E+00
  0.2040E+04  0.0000E+00  0.0000E+00
  0.2045E+04  0.0000E+00  0.0000E+00
  0.2050E+04  0.0000E+00  0.0000E+00
  0.2055E+04  0.0000E+00  0.0000E+00
  0.2060E+04  0.0000E+00  0.0000E+00
  0.2065E+04  0.0000E+00  0.0000E+00
  0.2070E+04  0.0000E+00  0.0000E+00
  0.2075E+04  0.0000E+00  0.0000E+00
  0.2080E+04  0.0000E+00  0.0000E+00
  0.2085E+04  0.0000E+00  0.0000E+00
  0.2090E+04  0.0000E+00  0.0000E+00
  0.2095E+04  0.0000E+00  0.0000E+00
  0.2100E+04  0.0000E+00  0.0000E+00
  0.2105E+04  0.0000E+00  0.0000E+00
  0.2110E+04  0.0000E+00  0.0000E+00
  0.2115E+04  0.0000E+00  0.0000E+00
  0.2120E+04  0.0000E+00  0.0000E+00
  0.2125E+04  0.0000E+00  0.0000E+00
  0.2130E+04  0.0000E+00  0.0000E+00
  0.2135E+04  0.0000E+00  0.0000E+00
  0.2140E+04  0.0000E+00  0.0000E+00
  0.2145E+04  0.0000E+00  0.0000E+00
  0.2150E+04  0.0000E+00  0.0000E+00
  0.2155E+04  0.0000E+00  0.0000E+00
  0.2160E+04  0.0000E+00  0.0000E+00
  0.2165E+04  0.0000E+00  0.0000E+00
  0.2170E+04  0.0000E+00  0.0000E+00
  0.2175E+04  0.0000E+00  0.0000E+00
  0.2180E+04  0.0000E+00  0.0000E+00
  0.2185E+04  0.0000E+00  0.0000E+00
  0.2190E+04  0.0000E+00  0.0000E+00
  0.2195E+04  0.0000E+00  0.0000E+00
  0.2200E+04  0.0000E+00  0.0000E+00
                   
   Partial-wave = D13
   W (MeV)   < MB (nf)|T| MB (ni) > 
  0.1615E+04 -0.7592E-03  0.1542E-03
  0.1620E+04 -0.1972E-02  0.3962E-03
  0.1625E+04 -0.3343E-02  0.6649E-03
  0.1630E+04 -0.4811E-02  0.9483E-03
  0.1635E+04 -0.6345E-02  0.1241E-02
  0.1640E+04 -0.7924E-02  0.1539E-02
  0.1645E+04 -0.9534E-02  0.1840E-02
  0.1650E+04 -0.1116E-01  0.2143E-02
  0.1655E+04 -0.1281E-01  0.2447E-02
  0.1660E+04 -0.1445E-01  0.2752E-02
  0.1665E+04 -0.1610E-01  0.3057E-02
  0.1670E+04 -0.1773E-01  0.3362E-02
  0.1675E+04 -0.1936E-01  0.3668E-02
  0.1680E+04 -0.2098E-01  0.3974E-02
  0.1685E+04 -0.2259E-01  0.4281E-02
  0.1690E+04 -0.2417E-01  0.4589E-02
  0.1695E+04 -0.2575E-01  0.4899E-02
  0.1700E+04 -0.2730E-01  0.5210E-02
  0.1705E+04 -0.2884E-01  0.5522E-02
  0.1710E+04 -0.3036E-01  0.5836E-02
  0.1715E+04 -0.3187E-01  0.6151E-02
  0.1720E+04 -0.3335E-01  0.6465E-02
  0.1725E+04 -0.3483E-01  0.6779E-02
  0.1730E+04 -0.3628E-01  0.7091E-02
  0.1735E+04 -0.3772E-01  0.7401E-02
  0.1740E+04 -0.3914E-01  0.7706E-02
  0.1745E+04 -0.4055E-01  0.8006E-02
  0.1750E+04 -0.4195E-01  0.8299E-02
  0.1755E+04 -0.4332E-01  0.8585E-02
  0.1760E+04 -0.4468E-01  0.8862E-02
  0.1765E+04 -0.4602E-01  0.9130E-02
  0.1770E+04 -0.4735E-01  0.9388E-02
  0.1775E+04 -0.4865E-01  0.9636E-02
  0.1780E+04 -0.4994E-01  0.9875E-02
  0.1785E+04 -0.5120E-01  0.1010E-01
  0.1790E+04 -0.5244E-01  0.1032E-01
  0.1795E+04 -0.5366E-01  0.1053E-01
  0.1800E+04 -0.5487E-01  0.1073E-01
  0.1805E+04 -0.5605E-01  0.1093E-01
  0.1810E+04 -0.5720E-01  0.1111E-01
  0.1815E+04 -0.5834E-01  0.1129E-01
  0.1820E+04 -0.5946E-01  0.1146E-01
  0.1825E+04 -0.6056E-01  0.1162E-01
  0.1830E+04 -0.6164E-01  0.1178E-01
  0.1835E+04 -0.6271E-01  0.1193E-01
  0.1840E+04 -0.6375E-01  0.1207E-01
  0.1845E+04 -0.6478E-01  0.1221E-01
  0.1850E+04 -0.6579E-01  0.1233E-01
  0.1855E+04 -0.6679E-01  0.1245E-01
  0.1860E+04 -0.6777E-01  0.1256E-01
  0.1865E+04 -0.6873E-01  0.1267E-01
  0.1870E+04 -0.6968E-01  0.1276E-01
  0.1875E+04 -0.7061E-01  0.1284E-01
  0.1880E+04 -0.7152E-01  0.1292E-01
  0.1885E+04 -0.7242E-01  0.1298E-01
  0.1890E+04 -0.7330E-01  0.1304E-01
  0.1895E+04 -0.7416E-01  0.1308E-01
  0.1900E+04 -0.7501E-01  0.1312E-01
  0.1905E+04 -0.7583E-01  0.1315E-01
  0.1910E+04 -0.7664E-01  0.1317E-01
  0.1915E+04 -0.7743E-01  0.1318E-01
  0.1920E+04 -0.7820E-01  0.1319E-01
  0.1925E+04 -0.7895E-01  0.1319E-01
  0.1930E+04 -0.7968E-01  0.1318E-01
  0.1935E+04 -0.8039E-01  0.1317E-01
  0.1940E+04 -0.8109E-01  0.1316E-01
  0.1945E+04 -0.8176E-01  0.1315E-01
  0.1950E+04 -0.8242E-01  0.1313E-01
  0.1955E+04 -0.8306E-01  0.1311E-01
  0.1960E+04 -0.8368E-01  0.1309E-01
  0.1965E+04 -0.8429E-01  0.1308E-01
  0.1970E+04 -0.8488E-01  0.1306E-01
  0.1975E+04 -0.8546E-01  0.1305E-01
  0.1980E+04 -0.8603E-01  0.1304E-01
  0.1985E+04 -0.8658E-01  0.1303E-01
  0.1990E+04 -0.8712E-01  0.1302E-01
  0.1995E+04 -0.8766E-01  0.1302E-01
  0.2000E+04 -0.8818E-01  0.1302E-01
  0.2005E+04 -0.8870E-01  0.1302E-01
  0.2010E+04 -0.8921E-01  0.1303E-01
  0.2015E+04 -0.8971E-01  0.1304E-01
  0.2020E+04 -0.9021E-01  0.1305E-01
  0.2025E+04 -0.9071E-01  0.1306E-01
  0.2030E+04 -0.9120E-01  0.1307E-01
  0.2035E+04 -0.9169E-01  0.1309E-01
  0.2040E+04 -0.9218E-01  0.1310E-01
  0.2045E+04 -0.9266E-01  0.1311E-01
  0.2050E+04 -0.9315E-01  0.1312E-01
  0.2055E+04 -0.9363E-01  0.1313E-01
  0.2060E+04 -0.9412E-01  0.1313E-01
  0.2065E+04 -0.9460E-01  0.1313E-01
  0.2070E+04 -0.9508E-01  0.1312E-01
  0.2075E+04 -0.9556E-01  0.1311E-01
  0.2080E+04 -0.9604E-01  0.1309E-01
  0.2085E+04 -0.9652E-01  0.1306E-01
  0.2090E+04 -0.9699E-01  0.1302E-01
  0.2095E+04 -0.9746E-01  0.1297E-01
  0.2100E+04 -0.9792E-01  0.1291E-01
  0.2105E+04 -0.9838E-01  0.1285E-01
  0.2110E+04 -0.9883E-01  0.1278E-01
  0.2115E+04 -0.9928E-01  0.1269E-01
  0.2120E+04 -0.9972E-01  0.1260E-01
  0.2125E+04 -0.1001E+00  0.1250E-01
  0.2130E+04 -0.1006E+00  0.1239E-01
  0.2135E+04 -0.1010E+00  0.1228E-01
  0.2140E+04 -0.1014E+00  0.1215E-01
  0.2145E+04 -0.1018E+00  0.1202E-01
  0.2150E+04 -0.1021E+00  0.1189E-01
  0.2155E+04 -0.1025E+00  0.1175E-01
  0.2160E+04 -0.1029E+00  0.1161E-01
  0.2165E+04 -0.1032E+00  0.1146E-01
  0.2170E+04 -0.1035E+00  0.1131E-01
  0.2175E+04 -0.1038E+00  0.1116E-01
  0.2180E+04 -0.1042E+00  0.1101E-01
  0.2185E+04 -0.1045E+00  0.1086E-01
  0.2190E+04 -0.1047E+00  0.1071E-01
  0.2195E+04 -0.1050E+00  0.1056E-01
  0.2200E+04 -0.1053E+00  0.1042E-01
                   
   Partial-wave = D15
   W (MeV)   < MB (nf)|T| MB (ni) > 
  0.1615E+04 -0.3816E-03  0.4553E-05
  0.1620E+04 -0.9857E-03  0.1593E-04
  0.1625E+04 -0.1662E-02  0.3500E-04
  0.1630E+04 -0.2382E-02  0.6335E-04
  0.1635E+04 -0.3131E-02  0.1023E-03
  0.1640E+04 -0.3902E-02  0.1529E-03
  0.1645E+04 -0.4689E-02  0.2153E-03
  0.1650E+04 -0.5492E-02  0.2891E-03
  0.1655E+04 -0.6307E-02  0.3729E-03
  0.1660E+04 -0.7135E-02  0.4645E-03
  0.1665E+04 -0.7974E-02  0.5614E-03
  0.1670E+04 -0.8823E-02  0.6607E-03
  0.1675E+04 -0.9679E-02  0.7596E-03
  0.1680E+04 -0.1054E-01  0.8558E-03
  0.1685E+04 -0.1141E-01  0.9472E-03
  0.1690E+04 -0.1227E-01  0.1033E-02
  0.1695E+04 -0.1313E-01  0.1111E-02
  0.1700E+04 -0.1399E-01  0.1182E-02
  0.1705E+04 -0.1485E-01  0.1247E-02
  0.1710E+04 -0.1569E-01  0.1304E-02
  0.1715E+04 -0.1653E-01  0.1355E-02
  0.1720E+04 -0.1735E-01  0.1400E-02
  0.1725E+04 -0.1816E-01  0.1439E-02
  0.1730E+04 -0.1897E-01  0.1474E-02
  0.1735E+04 -0.1976E-01  0.1504E-02
  0.1740E+04 -0.2054E-01  0.1530E-02
  0.1745E+04 -0.2130E-01  0.1552E-02
  0.1750E+04 -0.2205E-01  0.1571E-02
  0.1755E+04 -0.2279E-01  0.1587E-02
  0.1760E+04 -0.2352E-01  0.1600E-02
  0.1765E+04 -0.2424E-01  0.1611E-02
  0.1770E+04 -0.2494E-01  0.1620E-02
  0.1775E+04 -0.2564E-01  0.1626E-02
  0.1780E+04 -0.2632E-01  0.1631E-02
  0.1785E+04 -0.2699E-01  0.1634E-02
  0.1790E+04 -0.2764E-01  0.1636E-02
  0.1795E+04 -0.2829E-01  0.1636E-02
  0.1800E+04 -0.2893E-01  0.1634E-02
  0.1805E+04 -0.2955E-01  0.1631E-02
  0.1810E+04 -0.3017E-01  0.1627E-02
  0.1815E+04 -0.3078E-01  0.1622E-02
  0.1820E+04 -0.3137E-01  0.1616E-02
  0.1825E+04 -0.3196E-01  0.1608E-02
  0.1830E+04 -0.3253E-01  0.1600E-02
  0.1835E+04 -0.3310E-01  0.1590E-02
  0.1840E+04 -0.3366E-01  0.1579E-02
  0.1845E+04 -0.3421E-01  0.1567E-02
  0.1850E+04 -0.3475E-01  0.1554E-02
  0.1855E+04 -0.3528E-01  0.1540E-02
  0.1860E+04 -0.3581E-01  0.1525E-02
  0.1865E+04 -0.3633E-01  0.1508E-02
  0.1870E+04 -0.3684E-01  0.1491E-02
  0.1875E+04 -0.3734E-01  0.1473E-02
  0.1880E+04 -0.3784E-01  0.1454E-02
  0.1885E+04 -0.3833E-01  0.1433E-02
  0.1890E+04 -0.3881E-01  0.1412E-02
  0.1895E+04 -0.3929E-01  0.1389E-02
  0.1900E+04 -0.3976E-01  0.1365E-02
  0.1905E+04 -0.4022E-01  0.1340E-02
  0.1910E+04 -0.4068E-01  0.1314E-02
  0.1915E+04 -0.4113E-01  0.1286E-02
  0.1920E+04 -0.4158E-01  0.1257E-02
  0.1925E+04 -0.4202E-01  0.1226E-02
  0.1930E+04 -0.4246E-01  0.1193E-02
  0.1935E+04 -0.4290E-01  0.1159E-02
  0.1940E+04 -0.4332E-01  0.1122E-02
  0.1945E+04 -0.4375E-01  0.1084E-02
  0.1950E+04 -0.4417E-01  0.1044E-02
  0.1955E+04 -0.4458E-01  0.1001E-02
  0.1960E+04 -0.4499E-01  0.9556E-03
  0.1965E+04 -0.4540E-01  0.9078E-03
  0.1970E+04 -0.4580E-01  0.8573E-03
  0.1975E+04 -0.4620E-01  0.8040E-03
  0.1980E+04 -0.4659E-01  0.7478E-03
  0.1985E+04 -0.4698E-01  0.6886E-03
  0.1990E+04 -0.4737E-01  0.6262E-03
  0.1995E+04 -0.4775E-01  0.5605E-03
  0.2000E+04 -0.4813E-01  0.4915E-03
  0.2005E+04 -0.4850E-01  0.4190E-03
  0.2010E+04 -0.4887E-01  0.3431E-03
  0.2015E+04 -0.4924E-01  0.2637E-03
  0.2020E+04 -0.4960E-01  0.1807E-03
  0.2025E+04 -0.4995E-01  0.9412E-04
  0.2030E+04 -0.5030E-01  0.3910E-05
  0.2035E+04 -0.5065E-01 -0.8994E-04
  0.2040E+04 -0.5099E-01 -0.1874E-03
  0.2045E+04 -0.5133E-01 -0.2886E-03
  0.2050E+04 -0.5166E-01 -0.3933E-03
  0.2055E+04 -0.5198E-01 -0.5017E-03
  0.2060E+04 -0.5230E-01 -0.6138E-03
  0.2065E+04 -0.5262E-01 -0.7294E-03
  0.2070E+04 -0.5293E-01 -0.8486E-03
  0.2075E+04 -0.5324E-01 -0.9715E-03
  0.2080E+04 -0.5353E-01 -0.1098E-02
  0.2085E+04 -0.5383E-01 -0.1228E-02
  0.2090E+04 -0.5412E-01 -0.1361E-02
  0.2095E+04 -0.5440E-01 -0.1498E-02
  0.2100E+04 -0.5467E-01 -0.1639E-02
  0.2105E+04 -0.5494E-01 -0.1783E-02
  0.2110E+04 -0.5520E-01 -0.1930E-02
  0.2115E+04 -0.5546E-01 -0.2081E-02
  0.2120E+04 -0.5570E-01 -0.2234E-02
  0.2125E+04 -0.5594E-01 -0.2391E-02
  0.2130E+04 -0.5617E-01 -0.2550E-02
  0.2135E+04 -0.5640E-01 -0.2712E-02
  0.2140E+04 -0.5661E-01 -0.2875E-02
  0.2145E+04 -0.5682E-01 -0.3040E-02
  0.2150E+04 -0.5701E-01 -0.3206E-02
  0.2155E+04 -0.5720E-01 -0.3372E-02
  0.2160E+04 -0.5738E-01 -0.3537E-02
  0.2165E+04 -0.5754E-01 -0.3702E-02
  0.2170E+04 -0.5770E-01 -0.3865E-02
  0.2175E+04 -0.5785E-01 -0.4025E-02
  0.2180E+04 -0.5799E-01 -0.4182E-02
  0.2185E+04 -0.5813E-01 -0.4335E-02
  0.2190E+04 -0.5826E-01 -0.4484E-02
  0.2195E+04 -0.5838E-01 -0.4629E-02
  0.2200E+04 -0.5849E-01 -0.4769E-02
                   
   Partial-wave = D33
   W (MeV)   < MB (nf)|T| MB (ni) > 
  0.1615E+04  0.0000E+00  0.0000E+00
  0.1620E+04  0.0000E+00  0.0000E+00
  0.1625E+04  0.0000E+00  0.0000E+00
  0.1630E+04  0.0000E+00  0.0000E+00
  0.1635E+04  0.0000E+00  0.0000E+00
  0.1640E+04  0.0000E+00  0.0000E+00
  0.1645E+04  0.0000E+00  0.0000E+00
  0.1650E+04  0.0000E+00  0.0000E+00
  0.1655E+04  0.0000E+00  0.0000E+00
  0.1660E+04  0.0000E+00  0.0000E+00
  0.1665E+04  0.0000E+00  0.0000E+00
  0.1670E+04  0.0000E+00  0.0000E+00
  0.1675E+04  0.0000E+00  0.0000E+00
  0.1680E+04  0.0000E+00  0.0000E+00
  0.1685E+04  0.0000E+00  0.0000E+00
  0.1690E+04  0.0000E+00  0.0000E+00
  0.1695E+04  0.0000E+00  0.0000E+00
  0.1700E+04  0.0000E+00  0.0000E+00
  0.1705E+04  0.0000E+00  0.0000E+00
  0.1710E+04  0.0000E+00  0.0000E+00
  0.1715E+04  0.0000E+00  0.0000E+00
  0.1720E+04  0.0000E+00  0.0000E+00
  0.1725E+04  0.0000E+00  0.0000E+00
  0.1730E+04  0.0000E+00  0.0000E+00
  0.1735E+04  0.0000E+00  0.0000E+00
  0.1740E+04  0.0000E+00  0.0000E+00
  0.1745E+04  0.0000E+00  0.0000E+00
  0.1750E+04  0.0000E+00  0.0000E+00
  0.1755E+04  0.0000E+00  0.0000E+00
  0.1760E+04  0.0000E+00  0.0000E+00
  0.1765E+04  0.0000E+00  0.0000E+00
  0.1770E+04  0.0000E+00  0.0000E+00
  0.1775E+04  0.0000E+00  0.0000E+00
  0.1780E+04  0.0000E+00  0.0000E+00
  0.1785E+04  0.0000E+00  0.0000E+00
  0.1790E+04  0.0000E+00  0.0000E+00
  0.1795E+04  0.0000E+00  0.0000E+00
  0.1800E+04  0.0000E+00  0.0000E+00
  0.1805E+04  0.0000E+00  0.0000E+00
  0.1810E+04  0.0000E+00  0.0000E+00
  0.1815E+04  0.0000E+00  0.0000E+00
  0.1820E+04  0.0000E+00  0.0000E+00
  0.1825E+04  0.0000E+00  0.0000E+00
  0.1830E+04  0.0000E+00  0.0000E+00
  0.1835E+04  0.0000E+00  0.0000E+00
  0.1840E+04  0.0000E+00  0.0000E+00
  0.1845E+04  0.0000E+00  0.0000E+00
  0.1850E+04  0.0000E+00  0.0000E+00
  0.1855E+04  0.0000E+00  0.0000E+00
  0.1860E+04  0.0000E+00  0.0000E+00
  0.1865E+04  0.0000E+00  0.0000E+00
  0.1870E+04  0.0000E+00  0.0000E+00
  0.1875E+04  0.0000E+00  0.0000E+00
  0.1880E+04  0.0000E+00  0.0000E+00
  0.1885E+04  0.0000E+00  0.0000E+00
  0.1890E+04  0.0000E+00  0.0000E+00
  0.1895E+04  0.0000E+00  0.0000E+00
  0.1900E+04  0.0000E+00  0.0000E+00
  0.1905E+04  0.0000E+00  0.0000E+00
  0.1910E+04  0.0000E+00  0.0000E+00
  0.1915E+04  0.0000E+00  0.0000E+00
  0.1920E+04  0.0000E+00  0.0000E+00
  0.1925E+04  0.0000E+00  0.0000E+00
  0.1930E+04  0.0000E+00  0.0000E+00
  0.1935E+04  0.0000E+00  0.0000E+00
  0.1940E+04  0.0000E+00  0.0000E+00
  0.1945E+04  0.0000E+00  0.0000E+00
  0.1950E+04  0.0000E+00  0.0000E+00
  0.1955E+04  0.0000E+00  0.0000E+00
  0.1960E+04  0.0000E+00  0.0000E+00
  0.1965E+04  0.0000E+00  0.0000E+00
  0.1970E+04  0.0000E+00  0.0000E+00
  0.1975E+04  0.0000E+00  0.0000E+00
  0.1980E+04  0.0000E+00  0.0000E+00
  0.1985E+04  0.0000E+00  0.0000E+00
  0.1990E+04  0.0000E+00  0.0000E+00
  0.1995E+04  0.0000E+00  0.0000E+00
  0.2000E+04  0.0000E+00  0.0000E+00
  0.2005E+04  0.0000E+00  0.0000E+00
  0.2010E+04  0.0000E+00  0.0000E+00
  0.2015E+04  0.0000E+00  0.0000E+00
  0.2020E+04  0.0000E+00  0.0000E+00
  0.2025E+04  0.0000E+00  0.0000E+00
  0.2030E+04  0.0000E+00  0.0000E+00
  0.2035E+04  0.0000E+00  0.0000E+00
  0.2040E+04  0.0000E+00  0.0000E+00
  0.2045E+04  0.0000E+00  0.0000E+00
  0.2050E+04  0.0000E+00  0.0000E+00
  0.2055E+04  0.0000E+00  0.0000E+00
  0.2060E+04  0.0000E+00  0.0000E+00
  0.2065E+04  0.0000E+00  0.0000E+00
  0.2070E+04  0.0000E+00  0.0000E+00
  0.2075E+04  0.0000E+00  0.0000E+00
  0.2080E+04  0.0000E+00  0.0000E+00
  0.2085E+04  0.0000E+00  0.0000E+00
  0.2090E+04  0.0000E+00  0.0000E+00
  0.2095E+04  0.0000E+00  0.0000E+00
  0.2100E+04  0.0000E+00  0.0000E+00
  0.2105E+04  0.0000E+00  0.0000E+00
  0.2110E+04  0.0000E+00  0.0000E+00
  0.2115E+04  0.0000E+00  0.0000E+00
  0.2120E+04  0.0000E+00  0.0000E+00
  0.2125E+04  0.0000E+00  0.0000E+00
  0.2130E+04  0.0000E+00  0.0000E+00
  0.2135E+04  0.0000E+00  0.0000E+00
  0.2140E+04  0.0000E+00  0.0000E+00
  0.2145E+04  0.0000E+00  0.0000E+00
  0.2150E+04  0.0000E+00  0.0000E+00
  0.2155E+04  0.0000E+00  0.0000E+00
  0.2160E+04  0.0000E+00  0.0000E+00
  0.2165E+04  0.0000E+00  0.0000E+00
  0.2170E+04  0.0000E+00  0.0000E+00
  0.2175E+04  0.0000E+00  0.0000E+00
  0.2180E+04  0.0000E+00  0.0000E+00
  0.2185E+04  0.0000E+00  0.0000E+00
  0.2190E+04  0.0000E+00  0.0000E+00
  0.2195E+04  0.0000E+00  0.0000E+00
  0.2200E+04  0.0000E+00  0.0000E+00
                   
   Partial-wave = D35
   W (MeV)   < MB (nf)|T| MB (ni) > 
  0.1615E+04  0.0000E+00  0.0000E+00
  0.1620E+04  0.0000E+00  0.0000E+00
  0.1625E+04  0.0000E+00  0.0000E+00
  0.1630E+04  0.0000E+00  0.0000E+00
  0.1635E+04  0.0000E+00  0.0000E+00
  0.1640E+04  0.0000E+00  0.0000E+00
  0.1645E+04  0.0000E+00  0.0000E+00
  0.1650E+04  0.0000E+00  0.0000E+00
  0.1655E+04  0.0000E+00  0.0000E+00
  0.1660E+04  0.0000E+00  0.0000E+00
  0.1665E+04  0.0000E+00  0.0000E+00
  0.1670E+04  0.0000E+00  0.0000E+00
  0.1675E+04  0.0000E+00  0.0000E+00
  0.1680E+04  0.0000E+00  0.0000E+00
  0.1685E+04  0.0000E+00  0.0000E+00
  0.1690E+04  0.0000E+00  0.0000E+00
  0.1695E+04  0.0000E+00  0.0000E+00
  0.1700E+04  0.0000E+00  0.0000E+00
  0.1705E+04  0.0000E+00  0.0000E+00
  0.1710E+04  0.0000E+00  0.0000E+00
  0.1715E+04  0.0000E+00  0.0000E+00
  0.1720E+04  0.0000E+00  0.0000E+00
  0.1725E+04  0.0000E+00  0.0000E+00
  0.1730E+04  0.0000E+00  0.0000E+00
  0.1735E+04  0.0000E+00  0.0000E+00
  0.1740E+04  0.0000E+00  0.0000E+00
  0.1745E+04  0.0000E+00  0.0000E+00
  0.1750E+04  0.0000E+00  0.0000E+00
  0.1755E+04  0.0000E+00  0.0000E+00
  0.1760E+04  0.0000E+00  0.0000E+00
  0.1765E+04  0.0000E+00  0.0000E+00
  0.1770E+04  0.0000E+00  0.0000E+00
  0.1775E+04  0.0000E+00  0.0000E+00
  0.1780E+04  0.0000E+00  0.0000E+00
  0.1785E+04  0.0000E+00  0.0000E+00
  0.1790E+04  0.0000E+00  0.0000E+00
  0.1795E+04  0.0000E+00  0.0000E+00
  0.1800E+04  0.0000E+00  0.0000E+00
  0.1805E+04  0.0000E+00  0.0000E+00
  0.1810E+04  0.0000E+00  0.0000E+00
  0.1815E+04  0.0000E+00  0.0000E+00
  0.1820E+04  0.0000E+00  0.0000E+00
  0.1825E+04  0.0000E+00  0.0000E+00
  0.1830E+04  0.0000E+00  0.0000E+00
  0.1835E+04  0.0000E+00  0.0000E+00
  0.1840E+04  0.0000E+00  0.0000E+00
  0.1845E+04  0.0000E+00  0.0000E+00
  0.1850E+04  0.0000E+00  0.0000E+00
  0.1855E+04  0.0000E+00  0.0000E+00
  0.1860E+04  0.0000E+00  0.0000E+00
  0.1865E+04  0.0000E+00  0.0000E+00
  0.1870E+04  0.0000E+00  0.0000E+00
  0.1875E+04  0.0000E+00  0.0000E+00
  0.1880E+04  0.0000E+00  0.0000E+00
  0.1885E+04  0.0000E+00  0.0000E+00
  0.1890E+04  0.0000E+00  0.0000E+00
  0.1895E+04  0.0000E+00  0.0000E+00
  0.1900E+04  0.0000E+00  0.0000E+00
  0.1905E+04  0.0000E+00  0.0000E+00
  0.1910E+04  0.0000E+00  0.0000E+00
  0.1915E+04  0.0000E+00  0.0000E+00
  0.1920E+04  0.0000E+00  0.0000E+00
  0.1925E+04  0.0000E+00  0.0000E+00
  0.1930E+04  0.0000E+00  0.0000E+00
  0.1935E+04  0.0000E+00  0.0000E+00
  0.1940E+04  0.0000E+00  0.0000E+00
  0.1945E+04  0.0000E+00  0.0000E+00
  0.1950E+04  0.0000E+00  0.0000E+00
  0.1955E+04  0.0000E+00  0.0000E+00
  0.1960E+04  0.0000E+00  0.0000E+00
  0.1965E+04  0.0000E+00  0.0000E+00
  0.1970E+04  0.0000E+00  0.0000E+00
  0.1975E+04  0.0000E+00  0.0000E+00
  0.1980E+04  0.0000E+00  0.0000E+00
  0.1985E+04  0.0000E+00  0.0000E+00
  0.1990E+04  0.0000E+00  0.0000E+00
  0.1995E+04  0.0000E+00  0.0000E+00
  0.2000E+04  0.0000E+00  0.0000E+00
  0.2005E+04  0.0000E+00  0.0000E+00
  0.2010E+04  0.0000E+00  0.0000E+00
  0.2015E+04  0.0000E+00  0.0000E+00
  0.2020E+04  0.0000E+00  0.0000E+00
  0.2025E+04  0.0000E+00  0.0000E+00
  0.2030E+04  0.0000E+00  0.0000E+00
  0.2035E+04  0.0000E+00  0.0000E+00
  0.2040E+04  0.0000E+00  0.0000E+00
  0.2045E+04  0.0000E+00  0.0000E+00
  0.2050E+04  0.0000E+00  0.0000E+00
  0.2055E+04  0.0000E+00  0.0000E+00
  0.2060E+04  0.0000E+00  0.0000E+00
  0.2065E+04  0.0000E+00  0.0000E+00
  0.2070E+04  0.0000E+00  0.0000E+00
  0.2075E+04  0.0000E+00  0.0000E+00
  0.2080E+04  0.0000E+00  0.0000E+00
  0.2085E+04  0.0000E+00  0.0000E+00
  0.2090E+04  0.0000E+00  0.0000E+00
  0.2095E+04  0.0000E+00  0.0000E+00
  0.2100E+04  0.0000E+00  0.0000E+00
  0.2105E+04  0.0000E+00  0.0000E+00
  0.2110E+04  0.0000E+00  0.0000E+00
  0.2115E+04  0.0000E+00  0.0000E+00
  0.2120E+04  0.0000E+00  0.0000E+00
  0.2125E+04  0.0000E+00  0.0000E+00
  0.2130E+04  0.0000E+00  0.0000E+00
  0.2135E+04  0.0000E+00  0.0000E+00
  0.2140E+04  0.0000E+00  0.0000E+00
  0.2145E+04  0.0000E+00  0.0000E+00
  0.2150E+04  0.0000E+00  0.0000E+00
  0.2155E+04  0.0000E+00  0.0000E+00
  0.2160E+04  0.0000E+00  0.0000E+00
  0.2165E+04  0.0000E+00  0.0000E+00
  0.2170E+04  0.0000E+00  0.0000E+00
  0.2175E+04  0.0000E+00  0.0000E+00
  0.2180E+04  0.0000E+00  0.0000E+00
  0.2185E+04  0.0000E+00  0.0000E+00
  0.2190E+04  0.0000E+00  0.0000E+00
  0.2195E+04  0.0000E+00  0.0000E+00
  0.2200E+04  0.0000E+00  0.0000E+00
                   
   Partial-wave = F15
   W (MeV)   < MB (nf)|T| MB (ni) > 
  0.1615E+04 -0.3878E-04  0.2502E-06
  0.1620E+04 -0.1485E-03  0.1142E-05
  0.1625E+04 -0.3130E-03  0.2856E-05
  0.1630E+04 -0.5247E-03  0.5655E-05
  0.1635E+04 -0.7786E-03  0.9843E-05
  0.1640E+04 -0.1071E-02  0.1574E-04
  0.1645E+04 -0.1398E-02  0.2363E-04
  0.1650E+04 -0.1759E-02  0.3369E-04
  0.1655E+04 -0.2150E-02  0.4594E-04
  0.1660E+04 -0.2570E-02  0.6013E-04
  0.1665E+04 -0.3017E-02  0.7578E-04
  0.1670E+04 -0.3490E-02  0.9218E-04
  0.1675E+04 -0.3987E-02  0.1085E-03
  0.1680E+04 -0.4506E-02  0.1241E-03
  0.1685E+04 -0.5045E-02  0.1383E-03
  0.1690E+04 -0.5601E-02  0.1507E-03
  0.1695E+04 -0.6173E-02  0.1612E-03
  0.1700E+04 -0.6760E-02  0.1699E-03
  0.1705E+04 -0.7359E-02  0.1768E-03
  0.1710E+04 -0.7968E-02  0.1823E-03
  0.1715E+04 -0.8588E-02  0.1865E-03
  0.1720E+04 -0.9216E-02  0.1896E-03
  0.1725E+04 -0.9852E-02  0.1919E-03
  0.1730E+04 -0.1049E-01  0.1936E-03
  0.1735E+04 -0.1114E-01  0.1947E-03
  0.1740E+04 -0.1180E-01  0.1953E-03
  0.1745E+04 -0.1245E-01  0.1957E-03
  0.1750E+04 -0.1312E-01  0.1958E-03
  0.1755E+04 -0.1378E-01  0.1956E-03
  0.1760E+04 -0.1445E-01  0.1953E-03
  0.1765E+04 -0.1512E-01  0.1949E-03
  0.1770E+04 -0.1579E-01  0.1944E-03
  0.1775E+04 -0.1646E-01  0.1937E-03
  0.1780E+04 -0.1714E-01  0.1930E-03
  0.1785E+04 -0.1781E-01  0.1922E-03
  0.1790E+04 -0.1849E-01  0.1913E-03
  0.1795E+04 -0.1916E-01  0.1903E-03
  0.1800E+04 -0.1984E-01  0.1892E-03
  0.1805E+04 -0.2051E-01  0.1881E-03
  0.1810E+04 -0.2118E-01  0.1868E-03
  0.1815E+04 -0.2185E-01  0.1855E-03
  0.1820E+04 -0.2252E-01  0.1840E-03
  0.1825E+04 -0.2319E-01  0.1824E-03
  0.1830E+04 -0.2385E-01  0.1807E-03
  0.1835E+04 -0.2451E-01  0.1789E-03
  0.1840E+04 -0.2517E-01  0.1769E-03
  0.1845E+04 -0.2583E-01  0.1748E-03
  0.1850E+04 -0.2649E-01  0.1726E-03
  0.1855E+04 -0.2714E-01  0.1703E-03
  0.1860E+04 -0.2779E-01  0.1679E-03
  0.1865E+04 -0.2843E-01  0.1653E-03
  0.1870E+04 -0.2907E-01  0.1627E-03
  0.1875E+04 -0.2971E-01  0.1600E-03
  0.1880E+04 -0.3034E-01  0.1572E-03
  0.1885E+04 -0.3097E-01  0.1543E-03
  0.1890E+04 -0.3160E-01  0.1513E-03
  0.1895E+04 -0.3222E-01  0.1483E-03
  0.1900E+04 -0.3284E-01  0.1453E-03
  0.1905E+04 -0.3345E-01  0.1422E-03
  0.1910E+04 -0.3406E-01  0.1390E-03
  0.1915E+04 -0.3467E-01  0.1358E-03
  0.1920E+04 -0.3527E-01  0.1326E-03
  0.1925E+04 -0.3587E-01  0.1293E-03
  0.1930E+04 -0.3646E-01  0.1260E-03
  0.1935E+04 -0.3705E-01  0.1227E-03
  0.1940E+04 -0.3764E-01  0.1193E-03
  0.1945E+04 -0.3822E-01  0.1158E-03
  0.1950E+04 -0.3880E-01  0.1123E-03
  0.1955E+04 -0.3937E-01  0.1087E-03
  0.1960E+04 -0.3993E-01  0.1051E-03
  0.1965E+04 -0.4050E-01  0.1014E-03
  0.1970E+04 -0.4106E-01  0.9770E-04
  0.1975E+04 -0.4161E-01  0.9389E-04
  0.1980E+04 -0.4216E-01  0.9003E-04
  0.1985E+04 -0.4271E-01  0.8609E-04
  0.1990E+04 -0.4325E-01  0.8208E-04
  0.1995E+04 -0.4378E-01  0.7801E-04
  0.2000E+04 -0.4432E-01  0.7387E-04
  0.2005E+04 -0.4485E-01  0.6965E-04
  0.2010E+04 -0.4537E-01  0.6536E-04
  0.2015E+04 -0.4589E-01  0.6099E-04
  0.2020E+04 -0.4640E-01  0.5654E-04
  0.2025E+04 -0.4691E-01  0.5199E-04
  0.2030E+04 -0.4742E-01  0.4734E-04
  0.2035E+04 -0.4793E-01  0.4257E-04
  0.2040E+04 -0.4842E-01  0.3768E-04
  0.2045E+04 -0.4892E-01  0.3265E-04
  0.2050E+04 -0.4941E-01  0.2747E-04
  0.2055E+04 -0.4990E-01  0.2211E-04
  0.2060E+04 -0.5038E-01  0.1657E-04
  0.2065E+04 -0.5085E-01  0.1082E-04
  0.2070E+04 -0.5133E-01  0.4855E-05
  0.2075E+04 -0.5180E-01 -0.1351E-05
  0.2080E+04 -0.5226E-01 -0.7809E-05
  0.2085E+04 -0.5273E-01 -0.1453E-04
  0.2090E+04 -0.5319E-01 -0.2153E-04
  0.2095E+04 -0.5364E-01 -0.2882E-04
  0.2100E+04 -0.5409E-01 -0.3641E-04
  0.2105E+04 -0.5454E-01 -0.4430E-04
  0.2110E+04 -0.5498E-01 -0.5249E-04
  0.2115E+04 -0.5542E-01 -0.6099E-04
  0.2120E+04 -0.5585E-01 -0.6979E-04
  0.2125E+04 -0.5628E-01 -0.7890E-04
  0.2130E+04 -0.5671E-01 -0.8831E-04
  0.2135E+04 -0.5713E-01 -0.9802E-04
  0.2140E+04 -0.5755E-01 -0.1080E-03
  0.2145E+04 -0.5797E-01 -0.1183E-03
  0.2150E+04 -0.5838E-01 -0.1288E-03
  0.2155E+04 -0.5879E-01 -0.1395E-03
  0.2160E+04 -0.5919E-01 -0.1505E-03
  0.2165E+04 -0.5959E-01 -0.1617E-03
  0.2170E+04 -0.5999E-01 -0.1730E-03
  0.2175E+04 -0.6038E-01 -0.1845E-03
  0.2180E+04 -0.6077E-01 -0.1962E-03
  0.2185E+04 -0.6116E-01 -0.2080E-03
  0.2190E+04 -0.6154E-01 -0.2198E-03
  0.2195E+04 -0.6192E-01 -0.2317E-03
  0.2200E+04 -0.6229E-01 -0.2437E-03
                   
   Partial-wave = F17
   W (MeV)   < MB (nf)|T| MB (ni) > 
  0.1615E+04 -0.1966E-04  0.1329E-07
  0.1620E+04 -0.7487E-04  0.5682E-07
  0.1625E+04 -0.1569E-03  0.1335E-06
  0.1630E+04 -0.2614E-03  0.2489E-06
  0.1635E+04 -0.3857E-03  0.4102E-06
  0.1640E+04 -0.5273E-03  0.6253E-06
  0.1645E+04 -0.6844E-03  0.9030E-06
  0.1650E+04 -0.8551E-03  0.1253E-05
  0.1655E+04 -0.1038E-02  0.1687E-05
  0.1660E+04 -0.1232E-02  0.2216E-05
  0.1665E+04 -0.1436E-02  0.2852E-05
  0.1670E+04 -0.1648E-02  0.3611E-05
  0.1675E+04 -0.1868E-02  0.4507E-05
  0.1680E+04 -0.2095E-02  0.5555E-05
  0.1685E+04 -0.2328E-02  0.6773E-05
  0.1690E+04 -0.2566E-02  0.8179E-05
  0.1695E+04 -0.2809E-02  0.9791E-05
  0.1700E+04 -0.3055E-02  0.1163E-04
  0.1705E+04 -0.3305E-02  0.1371E-04
  0.1710E+04 -0.3558E-02  0.1607E-04
  0.1715E+04 -0.3813E-02  0.1871E-04
  0.1720E+04 -0.4069E-02  0.2168E-04
  0.1725E+04 -0.4327E-02  0.2498E-04
  0.1730E+04 -0.4586E-02  0.2864E-04
  0.1735E+04 -0.4846E-02  0.3270E-04
  0.1740E+04 -0.5106E-02  0.3718E-04
  0.1745E+04 -0.5366E-02  0.4210E-04
  0.1750E+04 -0.5626E-02  0.4751E-04
  0.1755E+04 -0.5885E-02  0.5344E-04
  0.1760E+04 -0.6143E-02  0.5992E-04
  0.1765E+04 -0.6401E-02  0.6699E-04
  0.1770E+04 -0.6657E-02  0.7469E-04
  0.1775E+04 -0.6912E-02  0.8307E-04
  0.1780E+04 -0.7165E-02  0.9219E-04
  0.1785E+04 -0.7417E-02  0.1021E-03
  0.1790E+04 -0.7666E-02  0.1128E-03
  0.1795E+04 -0.7914E-02  0.1245E-03
  0.1800E+04 -0.8160E-02  0.1371E-03
  0.1805E+04 -0.8403E-02  0.1508E-03
  0.1810E+04 -0.8644E-02  0.1656E-03
  0.1815E+04 -0.8882E-02  0.1816E-03
  0.1820E+04 -0.9118E-02  0.1990E-03
  0.1825E+04 -0.9352E-02  0.2177E-03
  0.1830E+04 -0.9583E-02  0.2379E-03
  0.1835E+04 -0.9812E-02  0.2596E-03
  0.1840E+04 -0.1004E-01  0.2830E-03
  0.1845E+04 -0.1026E-01  0.3082E-03
  0.1850E+04 -0.1048E-01  0.3353E-03
  0.1855E+04 -0.1070E-01  0.3643E-03
  0.1860E+04 -0.1092E-01  0.3953E-03
  0.1865E+04 -0.1113E-01  0.4285E-03
  0.1870E+04 -0.1134E-01  0.4639E-03
  0.1875E+04 -0.1155E-01  0.5016E-03
  0.1880E+04 -0.1176E-01  0.5416E-03
  0.1885E+04 -0.1196E-01  0.5840E-03
  0.1890E+04 -0.1216E-01  0.6289E-03
  0.1895E+04 -0.1236E-01  0.6763E-03
  0.1900E+04 -0.1256E-01  0.7263E-03
  0.1905E+04 -0.1276E-01  0.7789E-03
  0.1910E+04 -0.1296E-01  0.8341E-03
  0.1915E+04 -0.1315E-01  0.8919E-03
  0.1920E+04 -0.1334E-01  0.9524E-03
  0.1925E+04 -0.1354E-01  0.1015E-02
  0.1930E+04 -0.1373E-01  0.1081E-02
  0.1935E+04 -0.1392E-01  0.1150E-02
  0.1940E+04 -0.1411E-01  0.1221E-02
  0.1945E+04 -0.1429E-01  0.1295E-02
  0.1950E+04 -0.1448E-01  0.1371E-02
  0.1955E+04 -0.1467E-01  0.1450E-02
  0.1960E+04 -0.1486E-01  0.1531E-02
  0.1965E+04 -0.1504E-01  0.1615E-02
  0.1970E+04 -0.1523E-01  0.1702E-02
  0.1975E+04 -0.1542E-01  0.1790E-02
  0.1980E+04 -0.1560E-01  0.1882E-02
  0.1985E+04 -0.1579E-01  0.1975E-02
  0.1990E+04 -0.1598E-01  0.2071E-02
  0.1995E+04 -0.1616E-01  0.2168E-02
  0.2000E+04 -0.1635E-01  0.2269E-02
  0.2005E+04 -0.1654E-01  0.2371E-02
  0.2010E+04 -0.1673E-01  0.2475E-02
  0.2015E+04 -0.1692E-01  0.2582E-02
  0.2020E+04 -0.1710E-01  0.2692E-02
  0.2025E+04 -0.1729E-01  0.2803E-02
  0.2030E+04 -0.1748E-01  0.2918E-02
  0.2035E+04 -0.1767E-01  0.3034E-02
  0.2040E+04 -0.1787E-01  0.3154E-02
  0.2045E+04 -0.1806E-01  0.3276E-02
  0.2050E+04 -0.1825E-01  0.3401E-02
  0.2055E+04 -0.1845E-01  0.3529E-02
  0.2060E+04 -0.1865E-01  0.3659E-02
  0.2065E+04 -0.1885E-01  0.3793E-02
  0.2070E+04 -0.1905E-01  0.3929E-02
  0.2075E+04 -0.1925E-01  0.4068E-02
  0.2080E+04 -0.1946E-01  0.4210E-02
  0.2085E+04 -0.1967E-01  0.4354E-02
  0.2090E+04 -0.1989E-01  0.4500E-02
  0.2095E+04 -0.2011E-01  0.4648E-02
  0.2100E+04 -0.2034E-01  0.4797E-02
  0.2105E+04 -0.2057E-01  0.4947E-02
  0.2110E+04 -0.2080E-01  0.5097E-02
  0.2115E+04 -0.2105E-01  0.5247E-02
  0.2120E+04 -0.2129E-01  0.5396E-02
  0.2125E+04 -0.2154E-01  0.5544E-02
  0.2130E+04 -0.2180E-01  0.5689E-02
  0.2135E+04 -0.2206E-01  0.5832E-02
  0.2140E+04 -0.2233E-01  0.5972E-02
  0.2145E+04 -0.2260E-01  0.6108E-02
  0.2150E+04 -0.2288E-01  0.6239E-02
  0.2155E+04 -0.2316E-01  0.6366E-02
  0.2160E+04 -0.2344E-01  0.6487E-02
  0.2165E+04 -0.2372E-01  0.6603E-02
  0.2170E+04 -0.2401E-01  0.6714E-02
  0.2175E+04 -0.2429E-01  0.6819E-02
  0.2180E+04 -0.2458E-01  0.6919E-02
  0.2185E+04 -0.2487E-01  0.7013E-02
  0.2190E+04 -0.2515E-01  0.7103E-02
  0.2195E+04 -0.2543E-01  0.7188E-02
  0.2200E+04 -0.2571E-01  0.7268E-02
                   
   Partial-wave = F35
   W (MeV)   < MB (nf)|T| MB (ni) > 
  0.1615E+04  0.0000E+00  0.0000E+00
  0.1620E+04  0.0000E+00  0.0000E+00
  0.1625E+04  0.0000E+00  0.0000E+00
  0.1630E+04  0.0000E+00  0.0000E+00
  0.1635E+04  0.0000E+00  0.0000E+00
  0.1640E+04  0.0000E+00  0.0000E+00
  0.1645E+04  0.0000E+00  0.0000E+00
  0.1650E+04  0.0000E+00  0.0000E+00
  0.1655E+04  0.0000E+00  0.0000E+00
  0.1660E+04  0.0000E+00  0.0000E+00
  0.1665E+04  0.0000E+00  0.0000E+00
  0.1670E+04  0.0000E+00  0.0000E+00
  0.1675E+04  0.0000E+00  0.0000E+00
  0.1680E+04  0.0000E+00  0.0000E+00
  0.1685E+04  0.0000E+00  0.0000E+00
  0.1690E+04  0.0000E+00  0.0000E+00
  0.1695E+04  0.0000E+00  0.0000E+00
  0.1700E+04  0.0000E+00  0.0000E+00
  0.1705E+04  0.0000E+00  0.0000E+00
  0.1710E+04  0.0000E+00  0.0000E+00
  0.1715E+04  0.0000E+00  0.0000E+00
  0.1720E+04  0.0000E+00  0.0000E+00
  0.1725E+04  0.0000E+00  0.0000E+00
  0.1730E+04  0.0000E+00  0.0000E+00
  0.1735E+04  0.0000E+00  0.0000E+00
  0.1740E+04  0.0000E+00  0.0000E+00
  0.1745E+04  0.0000E+00  0.0000E+00
  0.1750E+04  0.0000E+00  0.0000E+00
  0.1755E+04  0.0000E+00  0.0000E+00
  0.1760E+04  0.0000E+00  0.0000E+00
  0.1765E+04  0.0000E+00  0.0000E+00
  0.1770E+04  0.0000E+00  0.0000E+00
  0.1775E+04  0.0000E+00  0.0000E+00
  0.1780E+04  0.0000E+00  0.0000E+00
  0.1785E+04  0.0000E+00  0.0000E+00
  0.1790E+04  0.0000E+00  0.0000E+00
  0.1795E+04  0.0000E+00  0.0000E+00
  0.1800E+04  0.0000E+00  0.0000E+00
  0.1805E+04  0.0000E+00  0.0000E+00
  0.1810E+04  0.0000E+00  0.0000E+00
  0.1815E+04  0.0000E+00  0.0000E+00
  0.1820E+04  0.0000E+00  0.0000E+00
  0.1825E+04  0.0000E+00  0.0000E+00
  0.1830E+04  0.0000E+00  0.0000E+00
  0.1835E+04  0.0000E+00  0.0000E+00
  0.1840E+04  0.0000E+00  0.0000E+00
  0.1845E+04  0.0000E+00  0.0000E+00
  0.1850E+04  0.0000E+00  0.0000E+00
  0.1855E+04  0.0000E+00  0.0000E+00
  0.1860E+04  0.0000E+00  0.0000E+00
  0.1865E+04  0.0000E+00  0.0000E+00
  0.1870E+04  0.0000E+00  0.0000E+00
  0.1875E+04  0.0000E+00  0.0000E+00
  0.1880E+04  0.0000E+00  0.0000E+00
  0.1885E+04  0.0000E+00  0.0000E+00
  0.1890E+04  0.0000E+00  0.0000E+00
  0.1895E+04  0.0000E+00  0.0000E+00
  0.1900E+04  0.0000E+00  0.0000E+00
  0.1905E+04  0.0000E+00  0.0000E+00
  0.1910E+04  0.0000E+00  0.0000E+00
  0.1915E+04  0.0000E+00  0.0000E+00
  0.1920E+04  0.0000E+00  0.0000E+00
  0.1925E+04  0.0000E+00  0.0000E+00
  0.1930E+04  0.0000E+00  0.0000E+00
  0.1935E+04  0.0000E+00  0.0000E+00
  0.1940E+04  0.0000E+00  0.0000E+00
  0.1945E+04  0.0000E+00  0.0000E+00
  0.1950E+04  0.0000E+00  0.0000E+00
  0.1955E+04  0.0000E+00  0.0000E+00
  0.1960E+04  0.0000E+00  0.0000E+00
  0.1965E+04  0.0000E+00  0.0000E+00
  0.1970E+04  0.0000E+00  0.0000E+00
  0.1975E+04  0.0000E+00  0.0000E+00
  0.1980E+04  0.0000E+00  0.0000E+00
  0.1985E+04  0.0000E+00  0.0000E+00
  0.1990E+04  0.0000E+00  0.0000E+00
  0.1995E+04  0.0000E+00  0.0000E+00
  0.2000E+04  0.0000E+00  0.0000E+00
  0.2005E+04  0.0000E+00  0.0000E+00
  0.2010E+04  0.0000E+00  0.0000E+00
  0.2015E+04  0.0000E+00  0.0000E+00
  0.2020E+04  0.0000E+00  0.0000E+00
  0.2025E+04  0.0000E+00  0.0000E+00
  0.2030E+04  0.0000E+00  0.0000E+00
  0.2035E+04  0.0000E+00  0.0000E+00
  0.2040E+04  0.0000E+00  0.0000E+00
  0.2045E+04  0.0000E+00  0.0000E+00
  0.2050E+04  0.0000E+00  0.0000E+00
  0.2055E+04  0.0000E+00  0.0000E+00
  0.2060E+04  0.0000E+00  0.0000E+00
  0.2065E+04  0.0000E+00  0.0000E+00
  0.2070E+04  0.0000E+00  0.0000E+00
  0.2075E+04  0.0000E+00  0.0000E+00
  0.2080E+04  0.0000E+00  0.0000E+00
  0.2085E+04  0.0000E+00  0.0000E+00
  0.2090E+04  0.0000E+00  0.0000E+00
  0.2095E+04  0.0000E+00  0.0000E+00
  0.2100E+04  0.0000E+00  0.0000E+00
  0.2105E+04  0.0000E+00  0.0000E+00
  0.2110E+04  0.0000E+00  0.0000E+00
  0.2115E+04  0.0000E+00  0.0000E+00
  0.2120E+04  0.0000E+00  0.0000E+00
  0.2125E+04  0.0000E+00  0.0000E+00
  0.2130E+04  0.0000E+00  0.0000E+00
  0.2135E+04  0.0000E+00  0.0000E+00
  0.2140E+04  0.0000E+00  0.0000E+00
  0.2145E+04  0.0000E+00  0.0000E+00
  0.2150E+04  0.0000E+00  0.0000E+00
  0.2155E+04  0.0000E+00  0.0000E+00
  0.2160E+04  0.0000E+00  0.0000E+00
  0.2165E+04  0.0000E+00  0.0000E+00
  0.2170E+04  0.0000E+00  0.0000E+00
  0.2175E+04  0.0000E+00  0.0000E+00
  0.2180E+04  0.0000E+00  0.0000E+00
  0.2185E+04  0.0000E+00  0.0000E+00
  0.2190E+04  0.0000E+00  0.0000E+00
  0.2195E+04  0.0000E+00  0.0000E+00
  0.2200E+04  0.0000E+00  0.0000E+00
                   
   Partial-wave = F37
   W (MeV)   < MB (nf)|T| MB (ni) > 
  0.1615E+04  0.0000E+00  0.0000E+00
  0.1620E+04  0.0000E+00  0.0000E+00
  0.1625E+04  0.0000E+00  0.0000E+00
  0.1630E+04  0.0000E+00  0.0000E+00
  0.1635E+04  0.0000E+00  0.0000E+00
  0.1640E+04  0.0000E+00  0.0000E+00
  0.1645E+04  0.0000E+00  0.0000E+00
  0.1650E+04  0.0000E+00  0.0000E+00
  0.1655E+04  0.0000E+00  0.0000E+00
  0.1660E+04  0.0000E+00  0.0000E+00
  0.1665E+04  0.0000E+00  0.0000E+00
  0.1670E+04  0.0000E+00  0.0000E+00
  0.1675E+04  0.0000E+00  0.0000E+00
  0.1680E+04  0.0000E+00  0.0000E+00
  0.1685E+04  0.0000E+00  0.0000E+00
  0.1690E+04  0.0000E+00  0.0000E+00
  0.1695E+04  0.0000E+00  0.0000E+00
  0.1700E+04  0.0000E+00  0.0000E+00
  0.1705E+04  0.0000E+00  0.0000E+00
  0.1710E+04  0.0000E+00  0.0000E+00
  0.1715E+04  0.0000E+00  0.0000E+00
  0.1720E+04  0.0000E+00  0.0000E+00
  0.1725E+04  0.0000E+00  0.0000E+00
  0.1730E+04  0.0000E+00  0.0000E+00
  0.1735E+04  0.0000E+00  0.0000E+00
  0.1740E+04  0.0000E+00  0.0000E+00
  0.1745E+04  0.0000E+00  0.0000E+00
  0.1750E+04  0.0000E+00  0.0000E+00
  0.1755E+04  0.0000E+00  0.0000E+00
  0.1760E+04  0.0000E+00  0.0000E+00
  0.1765E+04  0.0000E+00  0.0000E+00
  0.1770E+04  0.0000E+00  0.0000E+00
  0.1775E+04  0.0000E+00  0.0000E+00
  0.1780E+04  0.0000E+00  0.0000E+00
  0.1785E+04  0.0000E+00  0.0000E+00
  0.1790E+04  0.0000E+00  0.0000E+00
  0.1795E+04  0.0000E+00  0.0000E+00
  0.1800E+04  0.0000E+00  0.0000E+00
  0.1805E+04  0.0000E+00  0.0000E+00
  0.1810E+04  0.0000E+00  0.0000E+00
  0.1815E+04  0.0000E+00  0.0000E+00
  0.1820E+04  0.0000E+00  0.0000E+00
  0.1825E+04  0.0000E+00  0.0000E+00
  0.1830E+04  0.0000E+00  0.0000E+00
  0.1835E+04  0.0000E+00  0.0000E+00
  0.1840E+04  0.0000E+00  0.0000E+00
  0.1845E+04  0.0000E+00  0.0000E+00
  0.1850E+04  0.0000E+00  0.0000E+00
  0.1855E+04  0.0000E+00  0.0000E+00
  0.1860E+04  0.0000E+00  0.0000E+00
  0.1865E+04  0.0000E+00  0.0000E+00
  0.1870E+04  0.0000E+00  0.0000E+00
  0.1875E+04  0.0000E+00  0.0000E+00
  0.1880E+04  0.0000E+00  0.0000E+00
  0.1885E+04  0.0000E+00  0.0000E+00
  0.1890E+04  0.0000E+00  0.0000E+00
  0.1895E+04  0.0000E+00  0.0000E+00
  0.1900E+04  0.0000E+00  0.0000E+00
  0.1905E+04  0.0000E+00  0.0000E+00
  0.1910E+04  0.0000E+00  0.0000E+00
  0.1915E+04  0.0000E+00  0.0000E+00
  0.1920E+04  0.0000E+00  0.0000E+00
  0.1925E+04  0.0000E+00  0.0000E+00
  0.1930E+04  0.0000E+00  0.0000E+00
  0.1935E+04  0.0000E+00  0.0000E+00
  0.1940E+04  0.0000E+00  0.0000E+00
  0.1945E+04  0.0000E+00  0.0000E+00
  0.1950E+04  0.0000E+00  0.0000E+00
  0.1955E+04  0.0000E+00  0.0000E+00
  0.1960E+04  0.0000E+00  0.0000E+00
  0.1965E+04  0.0000E+00  0.0000E+00
  0.1970E+04  0.0000E+00  0.0000E+00
  0.1975E+04  0.0000E+00  0.0000E+00
  0.1980E+04  0.0000E+00  0.0000E+00
  0.1985E+04  0.0000E+00  0.0000E+00
  0.1990E+04  0.0000E+00  0.0000E+00
  0.1995E+04  0.0000E+00  0.0000E+00
  0.2000E+04  0.0000E+00  0.0000E+00
  0.2005E+04  0.0000E+00  0.0000E+00
  0.2010E+04  0.0000E+00  0.0000E+00
  0.2015E+04  0.0000E+00  0.0000E+00
  0.2020E+04  0.0000E+00  0.0000E+00
  0.2025E+04  0.0000E+00  0.0000E+00
  0.2030E+04  0.0000E+00  0.0000E+00
  0.2035E+04  0.0000E+00  0.0000E+00
  0.2040E+04  0.0000E+00  0.0000E+00
  0.2045E+04  0.0000E+00  0.0000E+00
  0.2050E+04  0.0000E+00  0.0000E+00
  0.2055E+04  0.0000E+00  0.0000E+00
  0.2060E+04  0.0000E+00  0.0000E+00
  0.2065E+04  0.0000E+00  0.0000E+00
  0.2070E+04  0.0000E+00  0.0000E+00
  0.2075E+04  0.0000E+00  0.0000E+00
  0.2080E+04  0.0000E+00  0.0000E+00
  0.2085E+04  0.0000E+00  0.0000E+00
  0.2090E+04  0.0000E+00  0.0000E+00
  0.2095E+04  0.0000E+00  0.0000E+00
  0.2100E+04  0.0000E+00  0.0000E+00
  0.2105E+04  0.0000E+00  0.0000E+00
  0.2110E+04  0.0000E+00  0.0000E+00
  0.2115E+04  0.0000E+00  0.0000E+00
  0.2120E+04  0.0000E+00  0.0000E+00
  0.2125E+04  0.0000E+00  0.0000E+00
  0.2130E+04  0.0000E+00  0.0000E+00
  0.2135E+04  0.0000E+00  0.0000E+00
  0.2140E+04  0.0000E+00  0.0000E+00
  0.2145E+04  0.0000E+00  0.0000E+00
  0.2150E+04  0.0000E+00  0.0000E+00
  0.2155E+04  0.0000E+00  0.0000E+00
  0.2160E+04  0.0000E+00  0.0000E+00
  0.2165E+04  0.0000E+00  0.0000E+00
  0.2170E+04  0.0000E+00  0.0000E+00
  0.2175E+04  0.0000E+00  0.0000E+00
  0.2180E+04  0.0000E+00  0.0000E+00
  0.2185E+04  0.0000E+00  0.0000E+00
  0.2190E+04  0.0000E+00  0.0000E+00
  0.2195E+04  0.0000E+00  0.0000E+00
  0.2200E+04  0.0000E+00  0.0000E+00
                   
   Partial-wave = G17
   W (MeV)   < MB (nf)|T| MB (ni) > 
  0.1615E+04 -0.2234E-05  0.4997E-10
  0.1620E+04 -0.1265E-04  0.3100E-09
  0.1625E+04 -0.3322E-04  0.8901E-09
  0.1630E+04 -0.6497E-04  0.1901E-08
  0.1635E+04 -0.1086E-03  0.3463E-08
  0.1640E+04 -0.1645E-03  0.5708E-08
  0.1645E+04 -0.2330E-03  0.8774E-08
  0.1650E+04 -0.3143E-03  0.1281E-07
  0.1655E+04 -0.4084E-03  0.1797E-07
  0.1660E+04 -0.5154E-03  0.2440E-07
  0.1665E+04 -0.6351E-03  0.3226E-07
  0.1670E+04 -0.7674E-03  0.4169E-07
  0.1675E+04 -0.9122E-03  0.5282E-07
  0.1680E+04 -0.1069E-02  0.6579E-07
  0.1685E+04 -0.1238E-02  0.8069E-07
  0.1690E+04 -0.1419E-02  0.9764E-07
  0.1695E+04 -0.1611E-02  0.1167E-06
  0.1700E+04 -0.1815E-02  0.1380E-06
  0.1705E+04 -0.2029E-02  0.1615E-06
  0.1710E+04 -0.2254E-02  0.1874E-06
  0.1715E+04 -0.2489E-02  0.2159E-06
  0.1720E+04 -0.2734E-02  0.2470E-06
  0.1725E+04 -0.2989E-02  0.2810E-06
  0.1730E+04 -0.3253E-02  0.3184E-06
  0.1735E+04 -0.3526E-02  0.3595E-06
  0.1740E+04 -0.3807E-02  0.4049E-06
  0.1745E+04 -0.4097E-02  0.4554E-06
  0.1750E+04 -0.4395E-02  0.5118E-06
  0.1755E+04 -0.4701E-02  0.5752E-06
  0.1760E+04 -0.5014E-02  0.6467E-06
  0.1765E+04 -0.5334E-02  0.7279E-06
  0.1770E+04 -0.5661E-02  0.8202E-06
  0.1775E+04 -0.5995E-02  0.9254E-06
  0.1780E+04 -0.6334E-02  0.1045E-05
  0.1785E+04 -0.6680E-02  0.1182E-05
  0.1790E+04 -0.7032E-02  0.1339E-05
  0.1795E+04 -0.7389E-02  0.1516E-05
  0.1800E+04 -0.7751E-02  0.1718E-05
  0.1805E+04 -0.8118E-02  0.1947E-05
  0.1810E+04 -0.8490E-02  0.2206E-05
  0.1815E+04 -0.8866E-02  0.2497E-05
  0.1820E+04 -0.9247E-02  0.2824E-05
  0.1825E+04 -0.9632E-02  0.3191E-05
  0.1830E+04 -0.1002E-01  0.3601E-05
  0.1835E+04 -0.1041E-01  0.4058E-05
  0.1840E+04 -0.1081E-01  0.4565E-05
  0.1845E+04 -0.1121E-01  0.5128E-05
  0.1850E+04 -0.1161E-01  0.5751E-05
  0.1855E+04 -0.1201E-01  0.6439E-05
  0.1860E+04 -0.1242E-01  0.7197E-05
  0.1865E+04 -0.1283E-01  0.8030E-05
  0.1870E+04 -0.1325E-01  0.8943E-05
  0.1875E+04 -0.1366E-01  0.9943E-05
  0.1880E+04 -0.1408E-01  0.1104E-04
  0.1885E+04 -0.1450E-01  0.1223E-04
  0.1890E+04 -0.1492E-01  0.1352E-04
  0.1895E+04 -0.1534E-01  0.1492E-04
  0.1900E+04 -0.1577E-01  0.1643E-04
  0.1905E+04 -0.1620E-01  0.1805E-04
  0.1910E+04 -0.1662E-01  0.1979E-04
  0.1915E+04 -0.1705E-01  0.2165E-04
  0.1920E+04 -0.1748E-01  0.2362E-04
  0.1925E+04 -0.1792E-01  0.2570E-04
  0.1930E+04 -0.1835E-01  0.2789E-04
  0.1935E+04 -0.1878E-01  0.3016E-04
  0.1940E+04 -0.1922E-01  0.3252E-04
  0.1945E+04 -0.1966E-01  0.3493E-04
  0.1950E+04 -0.2009E-01  0.3739E-04
  0.1955E+04 -0.2053E-01  0.3985E-04
  0.1960E+04 -0.2097E-01  0.4229E-04
  0.1965E+04 -0.2141E-01  0.4468E-04
  0.1970E+04 -0.2185E-01  0.4698E-04
  0.1975E+04 -0.2229E-01  0.4913E-04
  0.1980E+04 -0.2274E-01  0.5109E-04
  0.1985E+04 -0.2318E-01  0.5280E-04
  0.1990E+04 -0.2362E-01  0.5421E-04
  0.1995E+04 -0.2407E-01  0.5525E-04
  0.2000E+04 -0.2451E-01  0.5585E-04
  0.2005E+04 -0.2496E-01  0.5594E-04
  0.2010E+04 -0.2540E-01  0.5545E-04
  0.2015E+04 -0.2585E-01  0.5431E-04
  0.2020E+04 -0.2630E-01  0.5242E-04
  0.2025E+04 -0.2674E-01  0.4972E-04
  0.2030E+04 -0.2719E-01  0.4611E-04
  0.2035E+04 -0.2764E-01  0.4152E-04
  0.2040E+04 -0.2808E-01  0.3587E-04
  0.2045E+04 -0.2853E-01  0.2907E-04
  0.2050E+04 -0.2898E-01  0.2106E-04
  0.2055E+04 -0.2942E-01  0.1176E-04
  0.2060E+04 -0.2987E-01  0.1103E-05
  0.2065E+04 -0.3032E-01 -0.1097E-04
  0.2070E+04 -0.3076E-01 -0.2450E-04
  0.2075E+04 -0.3120E-01 -0.3954E-04
  0.2080E+04 -0.3165E-01 -0.5613E-04
  0.2085E+04 -0.3209E-01 -0.7428E-04
  0.2090E+04 -0.3253E-01 -0.9402E-04
  0.2095E+04 -0.3297E-01 -0.1153E-03
  0.2100E+04 -0.3341E-01 -0.1383E-03
  0.2105E+04 -0.3385E-01 -0.1628E-03
  0.2110E+04 -0.3428E-01 -0.1888E-03
  0.2115E+04 -0.3472E-01 -0.2164E-03
  0.2120E+04 -0.3515E-01 -0.2454E-03
  0.2125E+04 -0.3558E-01 -0.2759E-03
  0.2130E+04 -0.3601E-01 -0.3077E-03
  0.2135E+04 -0.3643E-01 -0.3408E-03
  0.2140E+04 -0.3686E-01 -0.3751E-03
  0.2145E+04 -0.3728E-01 -0.4105E-03
  0.2150E+04 -0.3770E-01 -0.4470E-03
  0.2155E+04 -0.3811E-01 -0.4843E-03
  0.2160E+04 -0.3853E-01 -0.5225E-03
  0.2165E+04 -0.3894E-01 -0.5613E-03
  0.2170E+04 -0.3935E-01 -0.6009E-03
  0.2175E+04 -0.3975E-01 -0.6409E-03
  0.2180E+04 -0.4016E-01 -0.6814E-03
  0.2185E+04 -0.4056E-01 -0.7223E-03
  0.2190E+04 -0.4096E-01 -0.7636E-03
  0.2195E+04 -0.4136E-01 -0.8052E-03
  0.2200E+04 -0.4175E-01 -0.8471E-03
                   
   Partial-wave = G19
   W (MeV)   < MB (nf)|T| MB (ni) > 
  0.1615E+04 -0.1154E-05  0.8333E-11
  0.1620E+04 -0.6504E-05  0.6321E-10
  0.1625E+04 -0.1700E-04  0.2199E-09
  0.1630E+04 -0.3312E-04  0.5635E-09
  0.1635E+04 -0.5514E-04  0.1220E-08
  0.1640E+04 -0.8322E-04  0.2368E-08
  0.1645E+04 -0.1174E-03  0.4253E-08
  0.1650E+04 -0.1578E-03  0.7197E-08
  0.1655E+04 -0.2044E-03  0.1162E-07
  0.1660E+04 -0.2570E-03  0.1807E-07
  0.1665E+04 -0.3157E-03  0.2719E-07
  0.1670E+04 -0.3802E-03  0.3981E-07
  0.1675E+04 -0.4505E-03  0.5690E-07
  0.1680E+04 -0.5264E-03  0.7965E-07
  0.1685E+04 -0.6077E-03  0.1094E-06
  0.1690E+04 -0.6944E-03  0.1478E-06
  0.1695E+04 -0.7861E-03  0.1967E-06
  0.1700E+04 -0.8827E-03  0.2582E-06
  0.1705E+04 -0.9842E-03  0.3347E-06
  0.1710E+04 -0.1090E-02  0.4288E-06
  0.1715E+04 -0.1200E-02  0.5437E-06
  0.1720E+04 -0.1315E-02  0.6826E-06
  0.1725E+04 -0.1434E-02  0.8494E-06
  0.1730E+04 -0.1556E-02  0.1048E-05
  0.1735E+04 -0.1682E-02  0.1284E-05
  0.1740E+04 -0.1811E-02  0.1560E-05
  0.1745E+04 -0.1944E-02  0.1885E-05
  0.1750E+04 -0.2080E-02  0.2263E-05
  0.1755E+04 -0.2218E-02  0.2701E-05
  0.1760E+04 -0.2360E-02  0.3208E-05
  0.1765E+04 -0.2504E-02  0.3791E-05
  0.1770E+04 -0.2650E-02  0.4461E-05
  0.1775E+04 -0.2799E-02  0.5228E-05
  0.1780E+04 -0.2949E-02  0.6104E-05
  0.1785E+04 -0.3102E-02  0.7102E-05
  0.1790E+04 -0.3256E-02  0.8237E-05
  0.1795E+04 -0.3412E-02  0.9525E-05
  0.1800E+04 -0.3570E-02  0.1098E-04
  0.1805E+04 -0.3728E-02  0.1264E-04
  0.1810E+04 -0.3888E-02  0.1450E-04
  0.1815E+04 -0.4049E-02  0.1660E-04
  0.1820E+04 -0.4211E-02  0.1897E-04
  0.1825E+04 -0.4374E-02  0.2163E-04
  0.1830E+04 -0.4537E-02  0.2462E-04
  0.1835E+04 -0.4701E-02  0.2796E-04
  0.1840E+04 -0.4866E-02  0.3170E-04
  0.1845E+04 -0.5030E-02  0.3587E-04
  0.1850E+04 -0.5195E-02  0.4053E-04
  0.1855E+04 -0.5360E-02  0.4570E-04
  0.1860E+04 -0.5525E-02  0.5144E-04
  0.1865E+04 -0.5690E-02  0.5781E-04
  0.1870E+04 -0.5854E-02  0.6484E-04
  0.1875E+04 -0.6018E-02  0.7260E-04
  0.1880E+04 -0.6182E-02  0.8115E-04
  0.1885E+04 -0.6346E-02  0.9054E-04
  0.1890E+04 -0.6509E-02  0.1008E-03
  0.1895E+04 -0.6671E-02  0.1121E-03
  0.1900E+04 -0.6833E-02  0.1244E-03
  0.1905E+04 -0.6993E-02  0.1379E-03
  0.1910E+04 -0.7154E-02  0.1525E-03
  0.1915E+04 -0.7313E-02  0.1684E-03
  0.1920E+04 -0.7471E-02  0.1856E-03
  0.1925E+04 -0.7629E-02  0.2043E-03
  0.1930E+04 -0.7785E-02  0.2245E-03
  0.1935E+04 -0.7941E-02  0.2463E-03
  0.1940E+04 -0.8095E-02  0.2698E-03
  0.1945E+04 -0.8248E-02  0.2951E-03
  0.1950E+04 -0.8401E-02  0.3222E-03
  0.1955E+04 -0.8552E-02  0.3514E-03
  0.1960E+04 -0.8702E-02  0.3826E-03
  0.1965E+04 -0.8851E-02  0.4160E-03
  0.1970E+04 -0.8999E-02  0.4517E-03
  0.1975E+04 -0.9146E-02  0.4899E-03
  0.1980E+04 -0.9292E-02  0.5305E-03
  0.1985E+04 -0.9437E-02  0.5738E-03
  0.1990E+04 -0.9581E-02  0.6198E-03
  0.1995E+04 -0.9724E-02  0.6688E-03
  0.2000E+04 -0.9866E-02  0.7208E-03
  0.2005E+04 -0.1001E-01  0.7760E-03
  0.2010E+04 -0.1015E-01  0.8346E-03
  0.2015E+04 -0.1029E-01  0.8968E-03
  0.2020E+04 -0.1043E-01  0.9628E-03
  0.2025E+04 -0.1056E-01  0.1033E-02
  0.2030E+04 -0.1070E-01  0.1107E-02
  0.2035E+04 -0.1084E-01  0.1185E-02
  0.2040E+04 -0.1098E-01  0.1269E-02
  0.2045E+04 -0.1112E-01  0.1357E-02
  0.2050E+04 -0.1126E-01  0.1450E-02
  0.2055E+04 -0.1140E-01  0.1548E-02
  0.2060E+04 -0.1154E-01  0.1651E-02
  0.2065E+04 -0.1168E-01  0.1761E-02
  0.2070E+04 -0.1183E-01  0.1875E-02
  0.2075E+04 -0.1198E-01  0.1996E-02
  0.2080E+04 -0.1213E-01  0.2122E-02
  0.2085E+04 -0.1229E-01  0.2253E-02
  0.2090E+04 -0.1245E-01  0.2389E-02
  0.2095E+04 -0.1262E-01  0.2530E-02
  0.2100E+04 -0.1279E-01  0.2675E-02
  0.2105E+04 -0.1297E-01  0.2824E-02
  0.2110E+04 -0.1316E-01  0.2976E-02
  0.2115E+04 -0.1336E-01  0.3130E-02
  0.2120E+04 -0.1356E-01  0.3285E-02
  0.2125E+04 -0.1377E-01  0.3440E-02
  0.2130E+04 -0.1399E-01  0.3596E-02
  0.2135E+04 -0.1421E-01  0.3749E-02
  0.2140E+04 -0.1445E-01  0.3901E-02
  0.2145E+04 -0.1469E-01  0.4049E-02
  0.2150E+04 -0.1494E-01  0.4194E-02
  0.2155E+04 -0.1519E-01  0.4335E-02
  0.2160E+04 -0.1544E-01  0.4472E-02
  0.2165E+04 -0.1570E-01  0.4603E-02
  0.2170E+04 -0.1597E-01  0.4731E-02
  0.2175E+04 -0.1623E-01  0.4853E-02
  0.2180E+04 -0.1650E-01  0.4971E-02
  0.2185E+04 -0.1677E-01  0.5085E-02
  0.2190E+04 -0.1704E-01  0.5195E-02
  0.2195E+04 -0.1731E-01  0.5302E-02
  0.2200E+04 -0.1758E-01  0.5405E-02
                   
   Partial-wave = G37
   W (MeV)   < MB (nf)|T| MB (ni) > 
  0.1615E+04  0.0000E+00  0.0000E+00
  0.1620E+04  0.0000E+00  0.0000E+00
  0.1625E+04  0.0000E+00  0.0000E+00
  0.1630E+04  0.0000E+00  0.0000E+00
  0.1635E+04  0.0000E+00  0.0000E+00
  0.1640E+04  0.0000E+00  0.0000E+00
  0.1645E+04  0.0000E+00  0.0000E+00
  0.1650E+04  0.0000E+00  0.0000E+00
  0.1655E+04  0.0000E+00  0.0000E+00
  0.1660E+04  0.0000E+00  0.0000E+00
  0.1665E+04  0.0000E+00  0.0000E+00
  0.1670E+04  0.0000E+00  0.0000E+00
  0.1675E+04  0.0000E+00  0.0000E+00
  0.1680E+04  0.0000E+00  0.0000E+00
  0.1685E+04  0.0000E+00  0.0000E+00
  0.1690E+04  0.0000E+00  0.0000E+00
  0.1695E+04  0.0000E+00  0.0000E+00
  0.1700E+04  0.0000E+00  0.0000E+00
  0.1705E+04  0.0000E+00  0.0000E+00
  0.1710E+04  0.0000E+00  0.0000E+00
  0.1715E+04  0.0000E+00  0.0000E+00
  0.1720E+04  0.0000E+00  0.0000E+00
  0.1725E+04  0.0000E+00  0.0000E+00
  0.1730E+04  0.0000E+00  0.0000E+00
  0.1735E+04  0.0000E+00  0.0000E+00
  0.1740E+04  0.0000E+00  0.0000E+00
  0.1745E+04  0.0000E+00  0.0000E+00
  0.1750E+04  0.0000E+00  0.0000E+00
  0.1755E+04  0.0000E+00  0.0000E+00
  0.1760E+04  0.0000E+00  0.0000E+00
  0.1765E+04  0.0000E+00  0.0000E+00
  0.1770E+04  0.0000E+00  0.0000E+00
  0.1775E+04  0.0000E+00  0.0000E+00
  0.1780E+04  0.0000E+00  0.0000E+00
  0.1785E+04  0.0000E+00  0.0000E+00
  0.1790E+04  0.0000E+00  0.0000E+00
  0.1795E+04  0.0000E+00  0.0000E+00
  0.1800E+04  0.0000E+00  0.0000E+00
  0.1805E+04  0.0000E+00  0.0000E+00
  0.1810E+04  0.0000E+00  0.0000E+00
  0.1815E+04  0.0000E+00  0.0000E+00
  0.1820E+04  0.0000E+00  0.0000E+00
  0.1825E+04  0.0000E+00  0.0000E+00
  0.1830E+04  0.0000E+00  0.0000E+00
  0.1835E+04  0.0000E+00  0.0000E+00
  0.1840E+04  0.0000E+00  0.0000E+00
  0.1845E+04  0.0000E+00  0.0000E+00
  0.1850E+04  0.0000E+00  0.0000E+00
  0.1855E+04  0.0000E+00  0.0000E+00
  0.1860E+04  0.0000E+00  0.0000E+00
  0.1865E+04  0.0000E+00  0.0000E+00
  0.1870E+04  0.0000E+00  0.0000E+00
  0.1875E+04  0.0000E+00  0.0000E+00
  0.1880E+04  0.0000E+00  0.0000E+00
  0.1885E+04  0.0000E+00  0.0000E+00
  0.1890E+04  0.0000E+00  0.0000E+00
  0.1895E+04  0.0000E+00  0.0000E+00
  0.1900E+04  0.0000E+00  0.0000E+00
  0.1905E+04  0.0000E+00  0.0000E+00
  0.1910E+04  0.0000E+00  0.0000E+00
  0.1915E+04  0.0000E+00  0.0000E+00
  0.1920E+04  0.0000E+00  0.0000E+00
  0.1925E+04  0.0000E+00  0.0000E+00
  0.1930E+04  0.0000E+00  0.0000E+00
  0.1935E+04  0.0000E+00  0.0000E+00
  0.1940E+04  0.0000E+00  0.0000E+00
  0.1945E+04  0.0000E+00  0.0000E+00
  0.1950E+04  0.0000E+00  0.0000E+00
  0.1955E+04  0.0000E+00  0.0000E+00
  0.1960E+04  0.0000E+00  0.0000E+00
  0.1965E+04  0.0000E+00  0.0000E+00
  0.1970E+04  0.0000E+00  0.0000E+00
  0.1975E+04  0.0000E+00  0.0000E+00
  0.1980E+04  0.0000E+00  0.0000E+00
  0.1985E+04  0.0000E+00  0.0000E+00
  0.1990E+04  0.0000E+00  0.0000E+00
  0.1995E+04  0.0000E+00  0.0000E+00
  0.2000E+04  0.0000E+00  0.0000E+00
  0.2005E+04  0.0000E+00  0.0000E+00
  0.2010E+04  0.0000E+00  0.0000E+00
  0.2015E+04  0.0000E+00  0.0000E+00
  0.2020E+04  0.0000E+00  0.0000E+00
  0.2025E+04  0.0000E+00  0.0000E+00
  0.2030E+04  0.0000E+00  0.0000E+00
  0.2035E+04  0.0000E+00  0.0000E+00
  0.2040E+04  0.0000E+00  0.0000E+00
  0.2045E+04  0.0000E+00  0.0000E+00
  0.2050E+04  0.0000E+00  0.0000E+00
  0.2055E+04  0.0000E+00  0.0000E+00
  0.2060E+04  0.0000E+00  0.0000E+00
  0.2065E+04  0.0000E+00  0.0000E+00
  0.2070E+04  0.0000E+00  0.0000E+00
  0.2075E+04  0.0000E+00  0.0000E+00
  0.2080E+04  0.0000E+00  0.0000E+00
  0.2085E+04  0.0000E+00  0.0000E+00
  0.2090E+04  0.0000E+00  0.0000E+00
  0.2095E+04  0.0000E+00  0.0000E+00
  0.2100E+04  0.0000E+00  0.0000E+00
  0.2105E+04  0.0000E+00  0.0000E+00
  0.2110E+04  0.0000E+00  0.0000E+00
  0.2115E+04  0.0000E+00  0.0000E+00
  0.2120E+04  0.0000E+00  0.0000E+00
  0.2125E+04  0.0000E+00  0.0000E+00
  0.2130E+04  0.0000E+00  0.0000E+00
  0.2135E+04  0.0000E+00  0.0000E+00
  0.2140E+04  0.0000E+00  0.0000E+00
  0.2145E+04  0.0000E+00  0.0000E+00
  0.2150E+04  0.0000E+00  0.0000E+00
  0.2155E+04  0.0000E+00  0.0000E+00
  0.2160E+04  0.0000E+00  0.0000E+00
  0.2165E+04  0.0000E+00  0.0000E+00
  0.2170E+04  0.0000E+00  0.0000E+00
  0.2175E+04  0.0000E+00  0.0000E+00
  0.2180E+04  0.0000E+00  0.0000E+00
  0.2185E+04  0.0000E+00  0.0000E+00
  0.2190E+04  0.0000E+00  0.0000E+00
  0.2195E+04  0.0000E+00  0.0000E+00
  0.2200E+04  0.0000E+00  0.0000E+00
                   
   Partial-wave = G39
   W (MeV)   < MB (nf)|T| MB (ni) > 
  0.1615E+04  0.0000E+00  0.0000E+00
  0.1620E+04  0.0000E+00  0.0000E+00
  0.1625E+04  0.0000E+00  0.0000E+00
  0.1630E+04  0.0000E+00  0.0000E+00
  0.1635E+04  0.0000E+00  0.0000E+00
  0.1640E+04  0.0000E+00  0.0000E+00
  0.1645E+04  0.0000E+00  0.0000E+00
  0.1650E+04  0.0000E+00  0.0000E+00
  0.1655E+04  0.0000E+00  0.0000E+00
  0.1660E+04  0.0000E+00  0.0000E+00
  0.1665E+04  0.0000E+00  0.0000E+00
  0.1670E+04  0.0000E+00  0.0000E+00
  0.1675E+04  0.0000E+00  0.0000E+00
  0.1680E+04  0.0000E+00  0.0000E+00
  0.1685E+04  0.0000E+00  0.0000E+00
  0.1690E+04  0.0000E+00  0.0000E+00
  0.1695E+04  0.0000E+00  0.0000E+00
  0.1700E+04  0.0000E+00  0.0000E+00
  0.1705E+04  0.0000E+00  0.0000E+00
  0.1710E+04  0.0000E+00  0.0000E+00
  0.1715E+04  0.0000E+00  0.0000E+00
  0.1720E+04  0.0000E+00  0.0000E+00
  0.1725E+04  0.0000E+00  0.0000E+00
  0.1730E+04  0.0000E+00  0.0000E+00
  0.1735E+04  0.0000E+00  0.0000E+00
  0.1740E+04  0.0000E+00  0.0000E+00
  0.1745E+04  0.0000E+00  0.0000E+00
  0.1750E+04  0.0000E+00  0.0000E+00
  0.1755E+04  0.0000E+00  0.0000E+00
  0.1760E+04  0.0000E+00  0.0000E+00
  0.1765E+04  0.0000E+00  0.0000E+00
  0.1770E+04  0.0000E+00  0.0000E+00
  0.1775E+04  0.0000E+00  0.0000E+00
  0.1780E+04  0.0000E+00  0.0000E+00
  0.1785E+04  0.0000E+00  0.0000E+00
  0.1790E+04  0.0000E+00  0.0000E+00
  0.1795E+04  0.0000E+00  0.0000E+00
  0.1800E+04  0.0000E+00  0.0000E+00
  0.1805E+04  0.0000E+00  0.0000E+00
  0.1810E+04  0.0000E+00  0.0000E+00
  0.1815E+04  0.0000E+00  0.0000E+00
  0.1820E+04  0.0000E+00  0.0000E+00
  0.1825E+04  0.0000E+00  0.0000E+00
  0.1830E+04  0.0000E+00  0.0000E+00
  0.1835E+04  0.0000E+00  0.0000E+00
  0.1840E+04  0.0000E+00  0.0000E+00
  0.1845E+04  0.0000E+00  0.0000E+00
  0.1850E+04  0.0000E+00  0.0000E+00
  0.1855E+04  0.0000E+00  0.0000E+00
  0.1860E+04  0.0000E+00  0.0000E+00
  0.1865E+04  0.0000E+00  0.0000E+00
  0.1870E+04  0.0000E+00  0.0000E+00
  0.1875E+04  0.0000E+00  0.0000E+00
  0.1880E+04  0.0000E+00  0.0000E+00
  0.1885E+04  0.0000E+00  0.0000E+00
  0.1890E+04  0.0000E+00  0.0000E+00
  0.1895E+04  0.0000E+00  0.0000E+00
  0.1900E+04  0.0000E+00  0.0000E+00
  0.1905E+04  0.0000E+00  0.0000E+00
  0.1910E+04  0.0000E+00  0.0000E+00
  0.1915E+04  0.0000E+00  0.0000E+00
  0.1920E+04  0.0000E+00  0.0000E+00
  0.1925E+04  0.0000E+00  0.0000E+00
  0.1930E+04  0.0000E+00  0.0000E+00
  0.1935E+04  0.0000E+00  0.0000E+00
  0.1940E+04  0.0000E+00  0.0000E+00
  0.1945E+04  0.0000E+00  0.0000E+00
  0.1950E+04  0.0000E+00  0.0000E+00
  0.1955E+04  0.0000E+00  0.0000E+00
  0.1960E+04  0.0000E+00  0.0000E+00
  0.1965E+04  0.0000E+00  0.0000E+00
  0.1970E+04  0.0000E+00  0.0000E+00
  0.1975E+04  0.0000E+00  0.0000E+00
  0.1980E+04  0.0000E+00  0.0000E+00
  0.1985E+04  0.0000E+00  0.0000E+00
  0.1990E+04  0.0000E+00  0.0000E+00
  0.1995E+04  0.0000E+00  0.0000E+00
  0.2000E+04  0.0000E+00  0.0000E+00
  0.2005E+04  0.0000E+00  0.0000E+00
  0.2010E+04  0.0000E+00  0.0000E+00
  0.2015E+04  0.0000E+00  0.0000E+00
  0.2020E+04  0.0000E+00  0.0000E+00
  0.2025E+04  0.0000E+00  0.0000E+00
  0.2030E+04  0.0000E+00  0.0000E+00
  0.2035E+04  0.0000E+00  0.0000E+00
  0.2040E+04  0.0000E+00  0.0000E+00
  0.2045E+04  0.0000E+00  0.0000E+00
  0.2050E+04  0.0000E+00  0.0000E+00
  0.2055E+04  0.0000E+00  0.0000E+00
  0.2060E+04  0.0000E+00  0.0000E+00
  0.2065E+04  0.0000E+00  0.0000E+00
  0.2070E+04  0.0000E+00  0.0000E+00
  0.2075E+04  0.0000E+00  0.0000E+00
  0.2080E+04  0.0000E+00  0.0000E+00
  0.2085E+04  0.0000E+00  0.0000E+00
  0.2090E+04  0.0000E+00  0.0000E+00
  0.2095E+04  0.0000E+00  0.0000E+00
  0.2100E+04  0.0000E+00  0.0000E+00
  0.2105E+04  0.0000E+00  0.0000E+00
  0.2110E+04  0.0000E+00  0.0000E+00
  0.2115E+04  0.0000E+00  0.0000E+00
  0.2120E+04  0.0000E+00  0.0000E+00
  0.2125E+04  0.0000E+00  0.0000E+00
  0.2130E+04  0.0000E+00  0.0000E+00
  0.2135E+04  0.0000E+00  0.0000E+00
  0.2140E+04  0.0000E+00  0.0000E+00
  0.2145E+04  0.0000E+00  0.0000E+00
  0.2150E+04  0.0000E+00  0.0000E+00
  0.2155E+04  0.0000E+00  0.0000E+00
  0.2160E+04  0.0000E+00  0.0000E+00
  0.2165E+04  0.0000E+00  0.0000E+00
  0.2170E+04  0.0000E+00  0.0000E+00
  0.2175E+04  0.0000E+00  0.0000E+00
  0.2180E+04  0.0000E+00  0.0000E+00
  0.2185E+04  0.0000E+00  0.0000E+00
  0.2190E+04  0.0000E+00  0.0000E+00
  0.2195E+04  0.0000E+00  0.0000E+00
  0.2200E+04  0.0000E+00  0.0000E+00
                   
   Partial-wave = H19
   W (MeV)   < MB (nf)|T| MB (ni) > 
  0.1615E+04 -0.1220E-06 -0.2392E-12
  0.1620E+04 -0.1020E-05 -0.2381E-11
  0.1625E+04 -0.3334E-05 -0.9206E-11
  0.1630E+04 -0.7603E-05 -0.2468E-10
  0.1635E+04 -0.1430E-04 -0.5431E-10
  0.1640E+04 -0.2387E-04 -0.1055E-09
  0.1645E+04 -0.3668E-04 -0.1878E-09
  0.1650E+04 -0.5310E-04 -0.3137E-09
  0.1655E+04 -0.7342E-04 -0.4990E-09
  0.1660E+04 -0.9794E-04 -0.7634E-09
  0.1665E+04 -0.1269E-03 -0.1131E-08
  0.1670E+04 -0.1605E-03 -0.1633E-08
  0.1675E+04 -0.1990E-03 -0.2304E-08
  0.1680E+04 -0.2425E-03 -0.3191E-08
  0.1685E+04 -0.2911E-03 -0.4345E-08
  0.1690E+04 -0.3450E-03 -0.5831E-08
  0.1695E+04 -0.4043E-03 -0.7724E-08
  0.1700E+04 -0.4691E-03 -0.1011E-07
  0.1705E+04 -0.5394E-03 -0.1310E-07
  0.1710E+04 -0.6153E-03 -0.1680E-07
  0.1715E+04 -0.6968E-03 -0.2136E-07
  0.1720E+04 -0.7839E-03 -0.2693E-07
  0.1725E+04 -0.8766E-03 -0.3368E-07
  0.1730E+04 -0.9750E-03 -0.4181E-07
  0.1735E+04 -0.1079E-02 -0.5154E-07
  0.1740E+04 -0.1189E-02 -0.6311E-07
  0.1745E+04 -0.1304E-02 -0.7678E-07
  0.1750E+04 -0.1424E-02 -0.9284E-07
  0.1755E+04 -0.1551E-02 -0.1116E-06
  0.1760E+04 -0.1682E-02 -0.1334E-06
  0.1765E+04 -0.1819E-02 -0.1587E-06
  0.1770E+04 -0.1961E-02 -0.1877E-06
  0.1775E+04 -0.2109E-02 -0.2210E-06
  0.1780E+04 -0.2262E-02 -0.2589E-06
  0.1785E+04 -0.2419E-02 -0.3020E-06
  0.1790E+04 -0.2582E-02 -0.3509E-06
  0.1795E+04 -0.2749E-02 -0.4060E-06
  0.1800E+04 -0.2922E-02 -0.4679E-06
  0.1805E+04 -0.3099E-02 -0.5373E-06
  0.1810E+04 -0.3281E-02 -0.6149E-06
  0.1815E+04 -0.3467E-02 -0.7013E-06
  0.1820E+04 -0.3658E-02 -0.7972E-06
  0.1825E+04 -0.3853E-02 -0.9035E-06
  0.1830E+04 -0.4052E-02 -0.1021E-05
  0.1835E+04 -0.4256E-02 -0.1150E-05
  0.1840E+04 -0.4464E-02 -0.1293E-05
  0.1845E+04 -0.4675E-02 -0.1449E-05
  0.1850E+04 -0.4891E-02 -0.1619E-05
  0.1855E+04 -0.5110E-02 -0.1806E-05
  0.1860E+04 -0.5333E-02 -0.2008E-05
  0.1865E+04 -0.5560E-02 -0.2229E-05
  0.1870E+04 -0.5790E-02 -0.2467E-05
  0.1875E+04 -0.6024E-02 -0.2726E-05
  0.1880E+04 -0.6261E-02 -0.3005E-05
  0.1885E+04 -0.6501E-02 -0.3305E-05
  0.1890E+04 -0.6744E-02 -0.3628E-05
  0.1895E+04 -0.6991E-02 -0.3975E-05
  0.1900E+04 -0.7240E-02 -0.4346E-05
  0.1905E+04 -0.7493E-02 -0.4744E-05
  0.1910E+04 -0.7748E-02 -0.5169E-05
  0.1915E+04 -0.8005E-02 -0.5622E-05
  0.1920E+04 -0.8266E-02 -0.6105E-05
  0.1925E+04 -0.8528E-02 -0.6619E-05
  0.1930E+04 -0.8794E-02 -0.7164E-05
  0.1935E+04 -0.9062E-02 -0.7744E-05
  0.1940E+04 -0.9332E-02 -0.8359E-05
  0.1945E+04 -0.9604E-02 -0.9010E-05
  0.1950E+04 -0.9878E-02 -0.9699E-05
  0.1955E+04 -0.1016E-01 -0.1043E-04
  0.1960E+04 -0.1043E-01 -0.1120E-04
  0.1965E+04 -0.1071E-01 -0.1201E-04
  0.1970E+04 -0.1099E-01 -0.1286E-04
  0.1975E+04 -0.1128E-01 -0.1376E-04
  0.1980E+04 -0.1157E-01 -0.1471E-04
  0.1985E+04 -0.1185E-01 -0.1570E-04
  0.1990E+04 -0.1214E-01 -0.1674E-04
  0.1995E+04 -0.1243E-01 -0.1783E-04
  0.2000E+04 -0.1272E-01 -0.1898E-04
  0.2005E+04 -0.1302E-01 -0.2017E-04
  0.2010E+04 -0.1331E-01 -0.2142E-04
  0.2015E+04 -0.1361E-01 -0.2272E-04
  0.2020E+04 -0.1390E-01 -0.2408E-04
  0.2025E+04 -0.1420E-01 -0.2549E-04
  0.2030E+04 -0.1450E-01 -0.2695E-04
  0.2035E+04 -0.1480E-01 -0.2848E-04
  0.2040E+04 -0.1510E-01 -0.3005E-04
  0.2045E+04 -0.1540E-01 -0.3169E-04
  0.2050E+04 -0.1570E-01 -0.3337E-04
  0.2055E+04 -0.1601E-01 -0.3512E-04
  0.2060E+04 -0.1631E-01 -0.3691E-04
  0.2065E+04 -0.1662E-01 -0.3876E-04
  0.2070E+04 -0.1692E-01 -0.4066E-04
  0.2075E+04 -0.1723E-01 -0.4261E-04
  0.2080E+04 -0.1753E-01 -0.4461E-04
  0.2085E+04 -0.1784E-01 -0.4665E-04
  0.2090E+04 -0.1815E-01 -0.4874E-04
  0.2095E+04 -0.1845E-01 -0.5086E-04
  0.2100E+04 -0.1876E-01 -0.5302E-04
  0.2105E+04 -0.1907E-01 -0.5521E-04
  0.2110E+04 -0.1938E-01 -0.5743E-04
  0.2115E+04 -0.1969E-01 -0.5966E-04
  0.2120E+04 -0.1999E-01 -0.6192E-04
  0.2125E+04 -0.2030E-01 -0.6418E-04
  0.2130E+04 -0.2061E-01 -0.6644E-04
  0.2135E+04 -0.2092E-01 -0.6870E-04
  0.2140E+04 -0.2123E-01 -0.7094E-04
  0.2145E+04 -0.2154E-01 -0.7316E-04
  0.2150E+04 -0.2185E-01 -0.7536E-04
  0.2155E+04 -0.2216E-01 -0.7752E-04
  0.2160E+04 -0.2247E-01 -0.7963E-04
  0.2165E+04 -0.2277E-01 -0.8170E-04
  0.2170E+04 -0.2308E-01 -0.8371E-04
  0.2175E+04 -0.2339E-01 -0.8566E-04
  0.2180E+04 -0.2370E-01 -0.8754E-04
  0.2185E+04 -0.2401E-01 -0.8935E-04
  0.2190E+04 -0.2431E-01 -0.9109E-04
  0.2195E+04 -0.2462E-01 -0.9276E-04
  0.2200E+04 -0.2493E-01 -0.9435E-04
                   
   Partial-wave = H39
   W (MeV)   < MB (nf)|T| MB (ni) > 
  0.1615E+04  0.0000E+00  0.0000E+00
  0.1620E+04  0.0000E+00  0.0000E+00
  0.1625E+04  0.0000E+00  0.0000E+00
  0.1630E+04  0.0000E+00  0.0000E+00
  0.1635E+04  0.0000E+00  0.0000E+00
  0.1640E+04  0.0000E+00  0.0000E+00
  0.1645E+04  0.0000E+00  0.0000E+00
  0.1650E+04  0.0000E+00  0.0000E+00
  0.1655E+04  0.0000E+00  0.0000E+00
  0.1660E+04  0.0000E+00  0.0000E+00
  0.1665E+04  0.0000E+00  0.0000E+00
  0.1670E+04  0.0000E+00  0.0000E+00
  0.1675E+04  0.0000E+00  0.0000E+00
  0.1680E+04  0.0000E+00  0.0000E+00
  0.1685E+04  0.0000E+00  0.0000E+00
  0.1690E+04  0.0000E+00  0.0000E+00
  0.1695E+04  0.0000E+00  0.0000E+00
  0.1700E+04  0.0000E+00  0.0000E+00
  0.1705E+04  0.0000E+00  0.0000E+00
  0.1710E+04  0.0000E+00  0.0000E+00
  0.1715E+04  0.0000E+00  0.0000E+00
  0.1720E+04  0.0000E+00  0.0000E+00
  0.1725E+04  0.0000E+00  0.0000E+00
  0.1730E+04  0.0000E+00  0.0000E+00
  0.1735E+04  0.0000E+00  0.0000E+00
  0.1740E+04  0.0000E+00  0.0000E+00
  0.1745E+04  0.0000E+00  0.0000E+00
  0.1750E+04  0.0000E+00  0.0000E+00
  0.1755E+04  0.0000E+00  0.0000E+00
  0.1760E+04  0.0000E+00  0.0000E+00
  0.1765E+04  0.0000E+00  0.0000E+00
  0.1770E+04  0.0000E+00  0.0000E+00
  0.1775E+04  0.0000E+00  0.0000E+00
  0.1780E+04  0.0000E+00  0.0000E+00
  0.1785E+04  0.0000E+00  0.0000E+00
  0.1790E+04  0.0000E+00  0.0000E+00
  0.1795E+04  0.0000E+00  0.0000E+00
  0.1800E+04  0.0000E+00  0.0000E+00
  0.1805E+04  0.0000E+00  0.0000E+00
  0.1810E+04  0.0000E+00  0.0000E+00
  0.1815E+04  0.0000E+00  0.0000E+00
  0.1820E+04  0.0000E+00  0.0000E+00
  0.1825E+04  0.0000E+00  0.0000E+00
  0.1830E+04  0.0000E+00  0.0000E+00
  0.1835E+04  0.0000E+00  0.0000E+00
  0.1840E+04  0.0000E+00  0.0000E+00
  0.1845E+04  0.0000E+00  0.0000E+00
  0.1850E+04  0.0000E+00  0.0000E+00
  0.1855E+04  0.0000E+00  0.0000E+00
  0.1860E+04  0.0000E+00  0.0000E+00
  0.1865E+04  0.0000E+00  0.0000E+00
  0.1870E+04  0.0000E+00  0.0000E+00
  0.1875E+04  0.0000E+00  0.0000E+00
  0.1880E+04  0.0000E+00  0.0000E+00
  0.1885E+04  0.0000E+00  0.0000E+00
  0.1890E+04  0.0000E+00  0.0000E+00
  0.1895E+04  0.0000E+00  0.0000E+00
  0.1900E+04  0.0000E+00  0.0000E+00
  0.1905E+04  0.0000E+00  0.0000E+00
  0.1910E+04  0.0000E+00  0.0000E+00
  0.1915E+04  0.0000E+00  0.0000E+00
  0.1920E+04  0.0000E+00  0.0000E+00
  0.1925E+04  0.0000E+00  0.0000E+00
  0.1930E+04  0.0000E+00  0.0000E+00
  0.1935E+04  0.0000E+00  0.0000E+00
  0.1940E+04  0.0000E+00  0.0000E+00
  0.1945E+04  0.0000E+00  0.0000E+00
  0.1950E+04  0.0000E+00  0.0000E+00
  0.1955E+04  0.0000E+00  0.0000E+00
  0.1960E+04  0.0000E+00  0.0000E+00
  0.1965E+04  0.0000E+00  0.0000E+00
  0.1970E+04  0.0000E+00  0.0000E+00
  0.1975E+04  0.0000E+00  0.0000E+00
  0.1980E+04  0.0000E+00  0.0000E+00
  0.1985E+04  0.0000E+00  0.0000E+00
  0.1990E+04  0.0000E+00  0.0000E+00
  0.1995E+04  0.0000E+00  0.0000E+00
  0.2000E+04  0.0000E+00  0.0000E+00
  0.2005E+04  0.0000E+00  0.0000E+00
  0.2010E+04  0.0000E+00  0.0000E+00
  0.2015E+04  0.0000E+00  0.0000E+00
  0.2020E+04  0.0000E+00  0.0000E+00
  0.2025E+04  0.0000E+00  0.0000E+00
  0.2030E+04  0.0000E+00  0.0000E+00
  0.2035E+04  0.0000E+00  0.0000E+00
  0.2040E+04  0.0000E+00  0.0000E+00
  0.2045E+04  0.0000E+00  0.0000E+00
  0.2050E+04  0.0000E+00  0.0000E+00
  0.2055E+04  0.0000E+00  0.0000E+00
  0.2060E+04  0.0000E+00  0.0000E+00
  0.2065E+04  0.0000E+00  0.0000E+00
  0.2070E+04  0.0000E+00  0.0000E+00
  0.2075E+04  0.0000E+00  0.0000E+00
  0.2080E+04  0.0000E+00  0.0000E+00
  0.2085E+04  0.0000E+00  0.0000E+00
  0.2090E+04  0.0000E+00  0.0000E+00
  0.2095E+04  0.0000E+00  0.0000E+00
  0.2100E+04  0.0000E+00  0.0000E+00
  0.2105E+04  0.0000E+00  0.0000E+00
  0.2110E+04  0.0000E+00  0.0000E+00
  0.2115E+04  0.0000E+00  0.0000E+00
  0.2120E+04  0.0000E+00  0.0000E+00
  0.2125E+04  0.0000E+00  0.0000E+00
  0.2130E+04  0.0000E+00  0.0000E+00
  0.2135E+04  0.0000E+00  0.0000E+00
  0.2140E+04  0.0000E+00  0.0000E+00
  0.2145E+04  0.0000E+00  0.0000E+00
  0.2150E+04  0.0000E+00  0.0000E+00
  0.2155E+04  0.0000E+00  0.0000E+00
  0.2160E+04  0.0000E+00  0.0000E+00
  0.2165E+04  0.0000E+00  0.0000E+00
  0.2170E+04  0.0000E+00  0.0000E+00
  0.2175E+04  0.0000E+00  0.0000E+00
  0.2180E+04  0.0000E+00  0.0000E+00
  0.2185E+04  0.0000E+00  0.0000E+00
  0.2190E+04  0.0000E+00  0.0000E+00
  0.2195E+04  0.0000E+00  0.0000E+00
  0.2200E+04  0.0000E+00  0.0000E+00
