  
   ANL-osaka amplitudes : < MB (nf)|T| MB (ni) > 
   Relation to S-matrix : S = 1 + 2 i T
 ---------------------------------- 
  Requested Amplitudes
  MB(nf)=  K-Sigma,   MB(ni)=  pi-N   
                   
                   
   Partial-wave = S11
   W (MeV)   < MB (nf)|T| MB (ni) > 
  0.1690E+04  0.1867E-01 -0.1845E+00
  0.1695E+04  0.4493E-01 -0.1909E+00
  0.1700E+04  0.5206E-01 -0.1765E+00
  0.1705E+04  0.5493E-01 -0.1598E+00
  0.1710E+04  0.5484E-01 -0.1424E+00
  0.1715E+04  0.5230E-01 -0.1256E+00
  0.1720E+04  0.4790E-01 -0.1100E+00
  0.1725E+04  0.4220E-01 -0.9592E-01
  0.1730E+04  0.3566E-01 -0.8350E-01
  0.1735E+04  0.2866E-01 -0.7269E-01
  0.1740E+04  0.2148E-01 -0.6339E-01
  0.1745E+04  0.1434E-01 -0.5544E-01
  0.1750E+04  0.7389E-02 -0.4870E-01
  0.1755E+04  0.7392E-03 -0.4302E-01
  0.1760E+04 -0.5546E-02 -0.3824E-01
  0.1765E+04 -0.1143E-01 -0.3424E-01
  0.1770E+04 -0.1689E-01 -0.3089E-01
  0.1775E+04 -0.2193E-01 -0.2809E-01
  0.1780E+04 -0.2655E-01 -0.2575E-01
  0.1785E+04 -0.3079E-01 -0.2379E-01
  0.1790E+04 -0.3466E-01 -0.2215E-01
  0.1795E+04 -0.3819E-01 -0.2076E-01
  0.1800E+04 -0.4140E-01 -0.1959E-01
  0.1805E+04 -0.4433E-01 -0.1859E-01
  0.1810E+04 -0.4700E-01 -0.1774E-01
  0.1815E+04 -0.4943E-01 -0.1702E-01
  0.1820E+04 -0.5166E-01 -0.1641E-01
  0.1825E+04 -0.5369E-01 -0.1589E-01
  0.1830E+04 -0.5554E-01 -0.1545E-01
  0.1835E+04 -0.5724E-01 -0.1509E-01
  0.1840E+04 -0.5878E-01 -0.1479E-01
  0.1845E+04 -0.6019E-01 -0.1455E-01
  0.1850E+04 -0.6148E-01 -0.1437E-01
  0.1855E+04 -0.6264E-01 -0.1423E-01
  0.1860E+04 -0.6369E-01 -0.1414E-01
  0.1865E+04 -0.6463E-01 -0.1409E-01
  0.1870E+04 -0.6546E-01 -0.1407E-01
  0.1875E+04 -0.6620E-01 -0.1408E-01
  0.1880E+04 -0.6685E-01 -0.1411E-01
  0.1885E+04 -0.6741E-01 -0.1416E-01
  0.1890E+04 -0.6788E-01 -0.1422E-01
  0.1895E+04 -0.6828E-01 -0.1428E-01
  0.1900E+04 -0.6860E-01 -0.1435E-01
  0.1905E+04 -0.6886E-01 -0.1441E-01
  0.1910E+04 -0.6906E-01 -0.1447E-01
  0.1915E+04 -0.6921E-01 -0.1452E-01
  0.1920E+04 -0.6932E-01 -0.1455E-01
  0.1925E+04 -0.6938E-01 -0.1457E-01
  0.1930E+04 -0.6941E-01 -0.1458E-01
  0.1935E+04 -0.6941E-01 -0.1458E-01
  0.1940E+04 -0.6939E-01 -0.1457E-01
  0.1945E+04 -0.6935E-01 -0.1454E-01
  0.1950E+04 -0.6931E-01 -0.1451E-01
  0.1955E+04 -0.6925E-01 -0.1447E-01
  0.1960E+04 -0.6919E-01 -0.1442E-01
  0.1965E+04 -0.6912E-01 -0.1437E-01
  0.1970E+04 -0.6905E-01 -0.1433E-01
  0.1975E+04 -0.6899E-01 -0.1429E-01
  0.1980E+04 -0.6892E-01 -0.1425E-01
  0.1985E+04 -0.6885E-01 -0.1422E-01
  0.1990E+04 -0.6879E-01 -0.1421E-01
  0.1995E+04 -0.6872E-01 -0.1420E-01
  0.2000E+04 -0.6865E-01 -0.1421E-01
  0.2005E+04 -0.6859E-01 -0.1423E-01
  0.2010E+04 -0.6851E-01 -0.1426E-01
  0.2015E+04 -0.6844E-01 -0.1431E-01
  0.2020E+04 -0.6835E-01 -0.1437E-01
  0.2025E+04 -0.6827E-01 -0.1445E-01
  0.2030E+04 -0.6817E-01 -0.1454E-01
  0.2035E+04 -0.6806E-01 -0.1464E-01
  0.2040E+04 -0.6795E-01 -0.1475E-01
  0.2045E+04 -0.6782E-01 -0.1487E-01
  0.2050E+04 -0.6768E-01 -0.1500E-01
  0.2055E+04 -0.6754E-01 -0.1513E-01
  0.2060E+04 -0.6738E-01 -0.1527E-01
  0.2065E+04 -0.6721E-01 -0.1541E-01
  0.2070E+04 -0.6703E-01 -0.1556E-01
  0.2075E+04 -0.6684E-01 -0.1571E-01
  0.2080E+04 -0.6665E-01 -0.1585E-01
  0.2085E+04 -0.6644E-01 -0.1599E-01
  0.2090E+04 -0.6623E-01 -0.1614E-01
  0.2095E+04 -0.6601E-01 -0.1627E-01
  0.2100E+04 -0.6579E-01 -0.1641E-01
  0.2105E+04 -0.6556E-01 -0.1654E-01
  0.2110E+04 -0.6533E-01 -0.1667E-01
  0.2115E+04 -0.6510E-01 -0.1679E-01
  0.2120E+04 -0.6487E-01 -0.1691E-01
  0.2125E+04 -0.6464E-01 -0.1702E-01
  0.2130E+04 -0.6441E-01 -0.1714E-01
  0.2135E+04 -0.6418E-01 -0.1724E-01
  0.2140E+04 -0.6395E-01 -0.1735E-01
  0.2145E+04 -0.6372E-01 -0.1745E-01
  0.2150E+04 -0.6350E-01 -0.1756E-01
  0.2155E+04 -0.6328E-01 -0.1766E-01
  0.2160E+04 -0.6306E-01 -0.1776E-01
  0.2165E+04 -0.6285E-01 -0.1787E-01
  0.2170E+04 -0.6264E-01 -0.1797E-01
  0.2175E+04 -0.6243E-01 -0.1808E-01
  0.2180E+04 -0.6222E-01 -0.1819E-01
  0.2185E+04 -0.6201E-01 -0.1831E-01
  0.2190E+04 -0.6180E-01 -0.1843E-01
  0.2195E+04 -0.6160E-01 -0.1855E-01
  0.2200E+04 -0.6139E-01 -0.1867E-01
                   
   Partial-wave = S31
   W (MeV)   < MB (nf)|T| MB (ni) > 
  0.1690E+04 -0.1283E-01  0.1355E-01
  0.1695E+04 -0.1632E-01  0.1987E-01
  0.1700E+04 -0.1787E-01  0.2392E-01
  0.1705E+04 -0.1879E-01  0.2706E-01
  0.1710E+04 -0.1936E-01  0.2972E-01
  0.1715E+04 -0.1971E-01  0.3205E-01
  0.1720E+04 -0.1993E-01  0.3413E-01
  0.1725E+04 -0.2004E-01  0.3600E-01
  0.1730E+04 -0.2006E-01  0.3771E-01
  0.1735E+04 -0.2003E-01  0.3927E-01
  0.1740E+04 -0.1994E-01  0.4070E-01
  0.1745E+04 -0.1979E-01  0.4201E-01
  0.1750E+04 -0.1961E-01  0.4322E-01
  0.1755E+04 -0.1939E-01  0.4435E-01
  0.1760E+04 -0.1914E-01  0.4539E-01
  0.1765E+04 -0.1886E-01  0.4637E-01
  0.1770E+04 -0.1857E-01  0.4727E-01
  0.1775E+04 -0.1825E-01  0.4812E-01
  0.1780E+04 -0.1792E-01  0.4891E-01
  0.1785E+04 -0.1759E-01  0.4965E-01
  0.1790E+04 -0.1725E-01  0.5033E-01
  0.1795E+04 -0.1691E-01  0.5096E-01
  0.1800E+04 -0.1656E-01  0.5154E-01
  0.1805E+04 -0.1622E-01  0.5208E-01
  0.1810E+04 -0.1588E-01  0.5256E-01
  0.1815E+04 -0.1553E-01  0.5299E-01
  0.1820E+04 -0.1519E-01  0.5338E-01
  0.1825E+04 -0.1484E-01  0.5371E-01
  0.1830E+04 -0.1448E-01  0.5400E-01
  0.1835E+04 -0.1412E-01  0.5425E-01
  0.1840E+04 -0.1374E-01  0.5445E-01
  0.1845E+04 -0.1336E-01  0.5461E-01
  0.1850E+04 -0.1296E-01  0.5473E-01
  0.1855E+04 -0.1255E-01  0.5482E-01
  0.1860E+04 -0.1212E-01  0.5488E-01
  0.1865E+04 -0.1168E-01  0.5491E-01
  0.1870E+04 -0.1122E-01  0.5491E-01
  0.1875E+04 -0.1075E-01  0.5490E-01
  0.1880E+04 -0.1026E-01  0.5487E-01
  0.1885E+04 -0.9763E-02  0.5483E-01
  0.1890E+04 -0.9253E-02  0.5478E-01
  0.1895E+04 -0.8733E-02  0.5471E-01
  0.1900E+04 -0.8207E-02  0.5464E-01
  0.1905E+04 -0.7677E-02  0.5457E-01
  0.1910E+04 -0.7143E-02  0.5449E-01
  0.1915E+04 -0.6609E-02  0.5440E-01
  0.1920E+04 -0.6076E-02  0.5431E-01
  0.1925E+04 -0.5545E-02  0.5422E-01
  0.1930E+04 -0.5018E-02  0.5412E-01
  0.1935E+04 -0.4497E-02  0.5402E-01
  0.1940E+04 -0.3982E-02  0.5391E-01
  0.1945E+04 -0.3474E-02  0.5379E-01
  0.1950E+04 -0.2974E-02  0.5367E-01
  0.1955E+04 -0.2481E-02  0.5354E-01
  0.1960E+04 -0.1996E-02  0.5339E-01
  0.1965E+04 -0.1519E-02  0.5324E-01
  0.1970E+04 -0.1048E-02  0.5308E-01
  0.1975E+04 -0.5852E-03  0.5291E-01
  0.1980E+04 -0.1285E-03  0.5273E-01
  0.1985E+04  0.3221E-03  0.5253E-01
  0.1990E+04  0.7675E-03  0.5233E-01
  0.1995E+04  0.1208E-02  0.5211E-01
  0.2000E+04  0.1644E-02  0.5187E-01
  0.2005E+04  0.2077E-02  0.5163E-01
  0.2010E+04  0.2508E-02  0.5137E-01
  0.2015E+04  0.2936E-02  0.5110E-01
  0.2020E+04  0.3362E-02  0.5082E-01
  0.2025E+04  0.3788E-02  0.5053E-01
  0.2030E+04  0.4214E-02  0.5022E-01
  0.2035E+04  0.4641E-02  0.4990E-01
  0.2040E+04  0.5069E-02  0.4957E-01
  0.2045E+04  0.5498E-02  0.4922E-01
  0.2050E+04  0.5930E-02  0.4887E-01
  0.2055E+04  0.6364E-02  0.4851E-01
  0.2060E+04  0.6802E-02  0.4813E-01
  0.2065E+04  0.7243E-02  0.4775E-01
  0.2070E+04  0.7687E-02  0.4735E-01
  0.2075E+04  0.8136E-02  0.4695E-01
  0.2080E+04  0.8587E-02  0.4653E-01
  0.2085E+04  0.9043E-02  0.4611E-01
  0.2090E+04  0.9502E-02  0.4568E-01
  0.2095E+04  0.9964E-02  0.4523E-01
  0.2100E+04  0.1043E-01  0.4478E-01
  0.2105E+04  0.1090E-01  0.4432E-01
  0.2110E+04  0.1137E-01  0.4385E-01
  0.2115E+04  0.1185E-01  0.4336E-01
  0.2120E+04  0.1233E-01  0.4286E-01
  0.2125E+04  0.1282E-01  0.4234E-01
  0.2130E+04  0.1331E-01  0.4181E-01
  0.2135E+04  0.1381E-01  0.4126E-01
  0.2140E+04  0.1432E-01  0.4070E-01
  0.2145E+04  0.1484E-01  0.4011E-01
  0.2150E+04  0.1537E-01  0.3951E-01
  0.2155E+04  0.1592E-01  0.3889E-01
  0.2160E+04  0.1649E-01  0.3825E-01
  0.2165E+04  0.1707E-01  0.3759E-01
  0.2170E+04  0.1768E-01  0.3691E-01
  0.2175E+04  0.1831E-01  0.3621E-01
  0.2180E+04  0.1896E-01  0.3550E-01
  0.2185E+04  0.1964E-01  0.3477E-01
  0.2190E+04  0.2035E-01  0.3402E-01
  0.2195E+04  0.2108E-01  0.3326E-01
  0.2200E+04  0.2185E-01  0.3249E-01
                   
   Partial-wave = P11
   W (MeV)   < MB (nf)|T| MB (ni) > 
  0.1690E+04  0.1348E-01  0.1203E-02
  0.1695E+04  0.3471E-01  0.4261E-02
  0.1700E+04  0.5196E-01  0.8371E-02
  0.1705E+04  0.6699E-01  0.1359E-01
  0.1710E+04  0.8019E-01  0.1986E-01
  0.1715E+04  0.9165E-01  0.2703E-01
  0.1720E+04  0.1014E+00  0.3493E-01
  0.1725E+04  0.1094E+00  0.4333E-01
  0.1730E+04  0.1158E+00  0.5201E-01
  0.1735E+04  0.1205E+00  0.6078E-01
  0.1740E+04  0.1237E+00  0.6944E-01
  0.1745E+04  0.1255E+00  0.7782E-01
  0.1750E+04  0.1260E+00  0.8578E-01
  0.1755E+04  0.1253E+00  0.9319E-01
  0.1760E+04  0.1236E+00  0.9996E-01
  0.1765E+04  0.1210E+00  0.1060E+00
  0.1770E+04  0.1176E+00  0.1113E+00
  0.1775E+04  0.1137E+00  0.1158E+00
  0.1780E+04  0.1093E+00  0.1196E+00
  0.1785E+04  0.1045E+00  0.1225E+00
  0.1790E+04  0.9957E-01  0.1247E+00
  0.1795E+04  0.9448E-01  0.1263E+00
  0.1800E+04  0.8933E-01  0.1271E+00
  0.1805E+04  0.8421E-01  0.1274E+00
  0.1810E+04  0.7916E-01  0.1272E+00
  0.1815E+04  0.7422E-01  0.1264E+00
  0.1820E+04  0.6941E-01  0.1253E+00
  0.1825E+04  0.6477E-01  0.1238E+00
  0.1830E+04  0.6029E-01  0.1219E+00
  0.1835E+04  0.5599E-01  0.1198E+00
  0.1840E+04  0.5187E-01  0.1174E+00
  0.1845E+04  0.4793E-01  0.1148E+00
  0.1850E+04  0.4418E-01  0.1121E+00
  0.1855E+04  0.4061E-01  0.1091E+00
  0.1860E+04  0.3723E-01  0.1060E+00
  0.1865E+04  0.3404E-01  0.1028E+00
  0.1870E+04  0.3104E-01  0.9944E-01
  0.1875E+04  0.2822E-01  0.9601E-01
  0.1880E+04  0.2558E-01  0.9251E-01
  0.1885E+04  0.2313E-01  0.8895E-01
  0.1890E+04  0.2086E-01  0.8535E-01
  0.1895E+04  0.1877E-01  0.8173E-01
  0.1900E+04  0.1685E-01  0.7810E-01
  0.1905E+04  0.1509E-01  0.7448E-01
  0.1910E+04  0.1348E-01  0.7088E-01
  0.1915E+04  0.1203E-01  0.6730E-01
  0.1920E+04  0.1071E-01  0.6377E-01
  0.1925E+04  0.9525E-02  0.6028E-01
  0.1930E+04  0.8459E-02  0.5684E-01
  0.1935E+04  0.7506E-02  0.5346E-01
  0.1940E+04  0.6656E-02  0.5015E-01
  0.1945E+04  0.5902E-02  0.4689E-01
  0.1950E+04  0.5235E-02  0.4371E-01
  0.1955E+04  0.4650E-02  0.4059E-01
  0.1960E+04  0.4137E-02  0.3754E-01
  0.1965E+04  0.3692E-02  0.3456E-01
  0.1970E+04  0.3309E-02  0.3165E-01
  0.1975E+04  0.2982E-02  0.2881E-01
  0.1980E+04  0.2706E-02  0.2604E-01
  0.1985E+04  0.2476E-02  0.2333E-01
  0.1990E+04  0.2290E-02  0.2069E-01
  0.1995E+04  0.2142E-02  0.1811E-01
  0.2000E+04  0.2030E-02  0.1560E-01
  0.2005E+04  0.1950E-02  0.1315E-01
  0.2010E+04  0.1899E-02  0.1075E-01
  0.2015E+04  0.1874E-02  0.8411E-02
  0.2020E+04  0.1873E-02  0.6128E-02
  0.2025E+04  0.1894E-02  0.3896E-02
  0.2030E+04  0.1934E-02  0.1716E-02
  0.2035E+04  0.1992E-02 -0.4168E-03
  0.2040E+04  0.2066E-02 -0.2504E-02
  0.2045E+04  0.2155E-02 -0.4548E-02
  0.2050E+04  0.2259E-02 -0.6551E-02
  0.2055E+04  0.2376E-02 -0.8517E-02
  0.2060E+04  0.2506E-02 -0.1045E-01
  0.2065E+04  0.2650E-02 -0.1235E-01
  0.2070E+04  0.2808E-02 -0.1422E-01
  0.2075E+04  0.2982E-02 -0.1606E-01
  0.2080E+04  0.3173E-02 -0.1788E-01
  0.2085E+04  0.3382E-02 -0.1968E-01
  0.2090E+04  0.3614E-02 -0.2145E-01
  0.2095E+04  0.3869E-02 -0.2320E-01
  0.2100E+04  0.4152E-02 -0.2494E-01
  0.2105E+04  0.4465E-02 -0.2665E-01
  0.2110E+04  0.4812E-02 -0.2834E-01
  0.2115E+04  0.5194E-02 -0.3001E-01
  0.2120E+04  0.5615E-02 -0.3165E-01
  0.2125E+04  0.6076E-02 -0.3327E-01
  0.2130E+04  0.6579E-02 -0.3484E-01
  0.2135E+04  0.7123E-02 -0.3638E-01
  0.2140E+04  0.7708E-02 -0.3788E-01
  0.2145E+04  0.8332E-02 -0.3933E-01
  0.2150E+04  0.8991E-02 -0.4073E-01
  0.2155E+04  0.9684E-02 -0.4207E-01
  0.2160E+04  0.1040E-01 -0.4335E-01
  0.2165E+04  0.1115E-01 -0.4457E-01
  0.2170E+04  0.1190E-01 -0.4573E-01
  0.2175E+04  0.1267E-01 -0.4683E-01
  0.2180E+04  0.1345E-01 -0.4787E-01
  0.2185E+04  0.1422E-01 -0.4885E-01
  0.2190E+04  0.1498E-01 -0.4977E-01
  0.2195E+04  0.1573E-01 -0.5064E-01
  0.2200E+04  0.1646E-01 -0.5147E-01
                   
   Partial-wave = P13
   W (MeV)   < MB (nf)|T| MB (ni) > 
  0.1690E+04  0.5277E-02 -0.2609E-03
  0.1695E+04  0.1333E-01 -0.6255E-03
  0.1700E+04  0.1975E-01 -0.8446E-03
  0.1705E+04  0.2539E-01 -0.9296E-03
  0.1710E+04  0.3053E-01 -0.8609E-03
  0.1715E+04  0.3529E-01 -0.6147E-03
  0.1720E+04  0.3972E-01 -0.1719E-03
  0.1725E+04  0.4385E-01  0.4785E-03
  0.1730E+04  0.4770E-01  0.1338E-02
  0.1735E+04  0.5126E-01  0.2401E-02
  0.1740E+04  0.5452E-01  0.3653E-02
  0.1745E+04  0.5749E-01  0.5076E-02
  0.1750E+04  0.6016E-01  0.6648E-02
  0.1755E+04  0.6254E-01  0.8348E-02
  0.1760E+04  0.6462E-01  0.1015E-01
  0.1765E+04  0.6642E-01  0.1204E-01
  0.1770E+04  0.6794E-01  0.1398E-01
  0.1775E+04  0.6920E-01  0.1597E-01
  0.1780E+04  0.7020E-01  0.1799E-01
  0.1785E+04  0.7095E-01  0.2001E-01
  0.1790E+04  0.7148E-01  0.2202E-01
  0.1795E+04  0.7178E-01  0.2401E-01
  0.1800E+04  0.7188E-01  0.2597E-01
  0.1805E+04  0.7179E-01  0.2788E-01
  0.1810E+04  0.7151E-01  0.2975E-01
  0.1815E+04  0.7107E-01  0.3156E-01
  0.1820E+04  0.7048E-01  0.3331E-01
  0.1825E+04  0.6974E-01  0.3498E-01
  0.1830E+04  0.6887E-01  0.3659E-01
  0.1835E+04  0.6788E-01  0.3811E-01
  0.1840E+04  0.6677E-01  0.3956E-01
  0.1845E+04  0.6557E-01  0.4092E-01
  0.1850E+04  0.6427E-01  0.4220E-01
  0.1855E+04  0.6289E-01  0.4338E-01
  0.1860E+04  0.6145E-01  0.4447E-01
  0.1865E+04  0.5994E-01  0.4548E-01
  0.1870E+04  0.5838E-01  0.4638E-01
  0.1875E+04  0.5678E-01  0.4720E-01
  0.1880E+04  0.5514E-01  0.4792E-01
  0.1885E+04  0.5349E-01  0.4856E-01
  0.1890E+04  0.5183E-01  0.4911E-01
  0.1895E+04  0.5016E-01  0.4957E-01
  0.1900E+04  0.4849E-01  0.4995E-01
  0.1905E+04  0.4684E-01  0.5027E-01
  0.1910E+04  0.4520E-01  0.5051E-01
  0.1915E+04  0.4359E-01  0.5069E-01
  0.1920E+04  0.4200E-01  0.5081E-01
  0.1925E+04  0.4044E-01  0.5088E-01
  0.1930E+04  0.3892E-01  0.5091E-01
  0.1935E+04  0.3743E-01  0.5090E-01
  0.1940E+04  0.3597E-01  0.5086E-01
  0.1945E+04  0.3455E-01  0.5079E-01
  0.1950E+04  0.3317E-01  0.5069E-01
  0.1955E+04  0.3181E-01  0.5058E-01
  0.1960E+04  0.3049E-01  0.5045E-01
  0.1965E+04  0.2920E-01  0.5032E-01
  0.1970E+04  0.2794E-01  0.5017E-01
  0.1975E+04  0.2670E-01  0.5001E-01
  0.1980E+04  0.2550E-01  0.4985E-01
  0.1985E+04  0.2431E-01  0.4969E-01
  0.1990E+04  0.2314E-01  0.4952E-01
  0.1995E+04  0.2200E-01  0.4936E-01
  0.2000E+04  0.2087E-01  0.4919E-01
  0.2005E+04  0.1975E-01  0.4902E-01
  0.2010E+04  0.1865E-01  0.4886E-01
  0.2015E+04  0.1757E-01  0.4869E-01
  0.2020E+04  0.1649E-01  0.4852E-01
  0.2025E+04  0.1543E-01  0.4836E-01
  0.2030E+04  0.1437E-01  0.4819E-01
  0.2035E+04  0.1332E-01  0.4802E-01
  0.2040E+04  0.1228E-01  0.4785E-01
  0.2045E+04  0.1125E-01  0.4768E-01
  0.2050E+04  0.1022E-01  0.4750E-01
  0.2055E+04  0.9194E-02  0.4732E-01
  0.2060E+04  0.8175E-02  0.4714E-01
  0.2065E+04  0.7160E-02  0.4695E-01
  0.2070E+04  0.6151E-02  0.4675E-01
  0.2075E+04  0.5147E-02  0.4655E-01
  0.2080E+04  0.4149E-02  0.4633E-01
  0.2085E+04  0.3158E-02  0.4611E-01
  0.2090E+04  0.2174E-02  0.4588E-01
  0.2095E+04  0.1199E-02  0.4564E-01
  0.2100E+04  0.2328E-03  0.4539E-01
  0.2105E+04 -0.7232E-03  0.4514E-01
  0.2110E+04 -0.1669E-02  0.4487E-01
  0.2115E+04 -0.2603E-02  0.4460E-01
  0.2120E+04 -0.3525E-02  0.4432E-01
  0.2125E+04 -0.4435E-02  0.4403E-01
  0.2130E+04 -0.5333E-02  0.4374E-01
  0.2135E+04 -0.6220E-02  0.4344E-01
  0.2140E+04 -0.7095E-02  0.4314E-01
  0.2145E+04 -0.7960E-02  0.4283E-01
  0.2150E+04 -0.8813E-02  0.4253E-01
  0.2155E+04 -0.9657E-02  0.4222E-01
  0.2160E+04 -0.1049E-01  0.4191E-01
  0.2165E+04 -0.1132E-01  0.4159E-01
  0.2170E+04 -0.1213E-01  0.4127E-01
  0.2175E+04 -0.1294E-01  0.4095E-01
  0.2180E+04 -0.1374E-01  0.4063E-01
  0.2185E+04 -0.1453E-01  0.4030E-01
  0.2190E+04 -0.1532E-01  0.3997E-01
  0.2195E+04 -0.1609E-01  0.3963E-01
  0.2200E+04 -0.1685E-01  0.3929E-01
                   
   Partial-wave = P31
   W (MeV)   < MB (nf)|T| MB (ni) > 
  0.1690E+04  0.6236E-02 -0.3208E-02
  0.1695E+04  0.1583E-01 -0.8214E-02
  0.1700E+04  0.2354E-01 -0.1232E-01
  0.1705E+04  0.3039E-01 -0.1602E-01
  0.1710E+04  0.3671E-01 -0.1945E-01
  0.1715E+04  0.4266E-01 -0.2270E-01
  0.1720E+04  0.4836E-01 -0.2578E-01
  0.1725E+04  0.5389E-01 -0.2872E-01
  0.1730E+04  0.5930E-01 -0.3153E-01
  0.1735E+04  0.6464E-01 -0.3420E-01
  0.1740E+04  0.6995E-01 -0.3673E-01
  0.1745E+04  0.7526E-01 -0.3912E-01
  0.1750E+04  0.8059E-01 -0.4133E-01
  0.1755E+04  0.8597E-01 -0.4337E-01
  0.1760E+04  0.9141E-01 -0.4520E-01
  0.1765E+04  0.9692E-01 -0.4680E-01
  0.1770E+04  0.1025E+00 -0.4816E-01
  0.1775E+04  0.1082E+00 -0.4923E-01
  0.1780E+04  0.1139E+00 -0.4999E-01
  0.1785E+04  0.1197E+00 -0.5042E-01
  0.1790E+04  0.1255E+00 -0.5050E-01
  0.1795E+04  0.1314E+00 -0.5020E-01
  0.1800E+04  0.1373E+00 -0.4950E-01
  0.1805E+04  0.1431E+00 -0.4839E-01
  0.1810E+04  0.1488E+00 -0.4686E-01
  0.1815E+04  0.1544E+00 -0.4489E-01
  0.1820E+04  0.1599E+00 -0.4250E-01
  0.1825E+04  0.1652E+00 -0.3968E-01
  0.1830E+04  0.1703E+00 -0.3644E-01
  0.1835E+04  0.1751E+00 -0.3280E-01
  0.1840E+04  0.1795E+00 -0.2878E-01
  0.1845E+04  0.1837E+00 -0.2441E-01
  0.1850E+04  0.1874E+00 -0.1972E-01
  0.1855E+04  0.1907E+00 -0.1476E-01
  0.1860E+04  0.1936E+00 -0.9564E-02
  0.1865E+04  0.1960E+00 -0.4195E-02
  0.1870E+04  0.1980E+00  0.1295E-02
  0.1875E+04  0.1995E+00  0.6848E-02
  0.1880E+04  0.2005E+00  0.1241E-01
  0.1885E+04  0.2010E+00  0.1792E-01
  0.1890E+04  0.2011E+00  0.2334E-01
  0.1895E+04  0.2009E+00  0.2862E-01
  0.1900E+04  0.2003E+00  0.3372E-01
  0.1905E+04  0.1993E+00  0.3862E-01
  0.1910E+04  0.1981E+00  0.4331E-01
  0.1915E+04  0.1967E+00  0.4776E-01
  0.1920E+04  0.1951E+00  0.5197E-01
  0.1925E+04  0.1934E+00  0.5596E-01
  0.1930E+04  0.1915E+00  0.5973E-01
  0.1935E+04  0.1896E+00  0.6329E-01
  0.1940E+04  0.1876E+00  0.6665E-01
  0.1945E+04  0.1855E+00  0.6983E-01
  0.1950E+04  0.1835E+00  0.7285E-01
  0.1955E+04  0.1814E+00  0.7571E-01
  0.1960E+04  0.1792E+00  0.7843E-01
  0.1965E+04  0.1771E+00  0.8103E-01
  0.1970E+04  0.1750E+00  0.8350E-01
  0.1975E+04  0.1729E+00  0.8587E-01
  0.1980E+04  0.1708E+00  0.8813E-01
  0.1985E+04  0.1687E+00  0.9029E-01
  0.1990E+04  0.1666E+00  0.9236E-01
  0.1995E+04  0.1645E+00  0.9433E-01
  0.2000E+04  0.1624E+00  0.9622E-01
  0.2005E+04  0.1603E+00  0.9803E-01
  0.2010E+04  0.1582E+00  0.9976E-01
  0.2015E+04  0.1562E+00  0.1014E+00
  0.2020E+04  0.1542E+00  0.1030E+00
  0.2025E+04  0.1522E+00  0.1045E+00
  0.2030E+04  0.1502E+00  0.1059E+00
  0.2035E+04  0.1482E+00  0.1073E+00
  0.2040E+04  0.1463E+00  0.1086E+00
  0.2045E+04  0.1444E+00  0.1099E+00
  0.2050E+04  0.1425E+00  0.1111E+00
  0.2055E+04  0.1407E+00  0.1122E+00
  0.2060E+04  0.1389E+00  0.1133E+00
  0.2065E+04  0.1371E+00  0.1143E+00
  0.2070E+04  0.1353E+00  0.1153E+00
  0.2075E+04  0.1336E+00  0.1162E+00
  0.2080E+04  0.1319E+00  0.1171E+00
  0.2085E+04  0.1302E+00  0.1179E+00
  0.2090E+04  0.1286E+00  0.1187E+00
  0.2095E+04  0.1270E+00  0.1194E+00
  0.2100E+04  0.1255E+00  0.1201E+00
  0.2105E+04  0.1240E+00  0.1207E+00
  0.2110E+04  0.1225E+00  0.1213E+00
  0.2115E+04  0.1211E+00  0.1218E+00
  0.2120E+04  0.1198E+00  0.1223E+00
  0.2125E+04  0.1185E+00  0.1228E+00
  0.2130E+04  0.1172E+00  0.1232E+00
  0.2135E+04  0.1161E+00  0.1236E+00
  0.2140E+04  0.1149E+00  0.1240E+00
  0.2145E+04  0.1139E+00  0.1244E+00
  0.2150E+04  0.1129E+00  0.1247E+00
  0.2155E+04  0.1119E+00  0.1250E+00
  0.2160E+04  0.1110E+00  0.1253E+00
  0.2165E+04  0.1102E+00  0.1256E+00
  0.2170E+04  0.1095E+00  0.1259E+00
  0.2175E+04  0.1088E+00  0.1262E+00
  0.2180E+04  0.1081E+00  0.1265E+00
  0.2185E+04  0.1076E+00  0.1268E+00
  0.2190E+04  0.1071E+00  0.1271E+00
  0.2195E+04  0.1067E+00  0.1274E+00
  0.2200E+04  0.1063E+00  0.1278E+00
                   
   Partial-wave = P33
   W (MeV)   < MB (nf)|T| MB (ni) > 
  0.1690E+04 -0.8186E-03  0.1178E-03
  0.1695E+04 -0.1992E-02  0.2937E-03
  0.1700E+04 -0.2837E-02  0.4300E-03
  0.1705E+04 -0.3502E-02  0.5480E-03
  0.1710E+04 -0.4040E-02  0.6559E-03
  0.1715E+04 -0.4480E-02  0.7583E-03
  0.1720E+04 -0.4842E-02  0.8582E-03
  0.1725E+04 -0.5140E-02  0.9574E-03
  0.1730E+04 -0.5386E-02  0.1057E-02
  0.1735E+04 -0.5588E-02  0.1159E-02
  0.1740E+04 -0.5754E-02  0.1261E-02
  0.1745E+04 -0.5891E-02  0.1366E-02
  0.1750E+04 -0.6004E-02  0.1471E-02
  0.1755E+04 -0.6096E-02  0.1578E-02
  0.1760E+04 -0.6172E-02  0.1685E-02
  0.1765E+04 -0.6234E-02  0.1793E-02
  0.1770E+04 -0.6286E-02  0.1900E-02
  0.1775E+04 -0.6328E-02  0.2006E-02
  0.1780E+04 -0.6364E-02  0.2111E-02
  0.1785E+04 -0.6394E-02  0.2216E-02
  0.1790E+04 -0.6419E-02  0.2318E-02
  0.1795E+04 -0.6441E-02  0.2419E-02
  0.1800E+04 -0.6461E-02  0.2519E-02
  0.1805E+04 -0.6479E-02  0.2617E-02
  0.1810E+04 -0.6496E-02  0.2714E-02
  0.1815E+04 -0.6513E-02  0.2810E-02
  0.1820E+04 -0.6531E-02  0.2903E-02
  0.1825E+04 -0.6551E-02  0.2996E-02
  0.1830E+04 -0.6572E-02  0.3086E-02
  0.1835E+04 -0.6596E-02  0.3175E-02
  0.1840E+04 -0.6622E-02  0.3263E-02
  0.1845E+04 -0.6651E-02  0.3348E-02
  0.1850E+04 -0.6683E-02  0.3430E-02
  0.1855E+04 -0.6719E-02  0.3510E-02
  0.1860E+04 -0.6757E-02  0.3588E-02
  0.1865E+04 -0.6799E-02  0.3662E-02
  0.1870E+04 -0.6844E-02  0.3734E-02
  0.1875E+04 -0.6892E-02  0.3803E-02
  0.1880E+04 -0.6943E-02  0.3868E-02
  0.1885E+04 -0.6995E-02  0.3931E-02
  0.1890E+04 -0.7050E-02  0.3991E-02
  0.1895E+04 -0.7107E-02  0.4048E-02
  0.1900E+04 -0.7165E-02  0.4103E-02
  0.1905E+04 -0.7225E-02  0.4155E-02
  0.1910E+04 -0.7286E-02  0.4205E-02
  0.1915E+04 -0.7347E-02  0.4254E-02
  0.1920E+04 -0.7410E-02  0.4301E-02
  0.1925E+04 -0.7474E-02  0.4347E-02
  0.1930E+04 -0.7539E-02  0.4392E-02
  0.1935E+04 -0.7604E-02  0.4436E-02
  0.1940E+04 -0.7671E-02  0.4480E-02
  0.1945E+04 -0.7738E-02  0.4524E-02
  0.1950E+04 -0.7806E-02  0.4567E-02
  0.1955E+04 -0.7876E-02  0.4610E-02
  0.1960E+04 -0.7946E-02  0.4654E-02
  0.1965E+04 -0.8018E-02  0.4697E-02
  0.1970E+04 -0.8091E-02  0.4740E-02
  0.1975E+04 -0.8165E-02  0.4783E-02
  0.1980E+04 -0.8240E-02  0.4826E-02
  0.1985E+04 -0.8316E-02  0.4870E-02
  0.1990E+04 -0.8393E-02  0.4913E-02
  0.1995E+04 -0.8471E-02  0.4956E-02
  0.2000E+04 -0.8550E-02  0.5000E-02
  0.2005E+04 -0.8629E-02  0.5044E-02
  0.2010E+04 -0.8709E-02  0.5087E-02
  0.2015E+04 -0.8790E-02  0.5131E-02
  0.2020E+04 -0.8871E-02  0.5176E-02
  0.2025E+04 -0.8953E-02  0.5220E-02
  0.2030E+04 -0.9035E-02  0.5265E-02
  0.2035E+04 -0.9118E-02  0.5311E-02
  0.2040E+04 -0.9200E-02  0.5357E-02
  0.2045E+04 -0.9283E-02  0.5404E-02
  0.2050E+04 -0.9366E-02  0.5451E-02
  0.2055E+04 -0.9450E-02  0.5499E-02
  0.2060E+04 -0.9534E-02  0.5548E-02
  0.2065E+04 -0.9617E-02  0.5598E-02
  0.2070E+04 -0.9702E-02  0.5649E-02
  0.2075E+04 -0.9787E-02  0.5701E-02
  0.2080E+04 -0.9872E-02  0.5753E-02
  0.2085E+04 -0.9957E-02  0.5807E-02
  0.2090E+04 -0.1004E-01  0.5862E-02
  0.2095E+04 -0.1013E-01  0.5917E-02
  0.2100E+04 -0.1022E-01  0.5973E-02
  0.2105E+04 -0.1030E-01  0.6031E-02
  0.2110E+04 -0.1039E-01  0.6089E-02
  0.2115E+04 -0.1048E-01  0.6147E-02
  0.2120E+04 -0.1057E-01  0.6207E-02
  0.2125E+04 -0.1066E-01  0.6266E-02
  0.2130E+04 -0.1075E-01  0.6326E-02
  0.2135E+04 -0.1085E-01  0.6386E-02
  0.2140E+04 -0.1094E-01  0.6447E-02
  0.2145E+04 -0.1103E-01  0.6507E-02
  0.2150E+04 -0.1113E-01  0.6567E-02
  0.2155E+04 -0.1122E-01  0.6626E-02
  0.2160E+04 -0.1132E-01  0.6685E-02
  0.2165E+04 -0.1141E-01  0.6743E-02
  0.2170E+04 -0.1151E-01  0.6800E-02
  0.2175E+04 -0.1161E-01  0.6856E-02
  0.2180E+04 -0.1170E-01  0.6910E-02
  0.2185E+04 -0.1180E-01  0.6964E-02
  0.2190E+04 -0.1189E-01  0.7016E-02
  0.2195E+04 -0.1199E-01  0.7067E-02
  0.2200E+04 -0.1208E-01  0.7117E-02
                   
   Partial-wave = D13
   W (MeV)   < MB (nf)|T| MB (ni) > 
  0.1690E+04  0.2027E-03 -0.9753E-04
  0.1695E+04  0.9433E-03 -0.4456E-03
  0.1700E+04  0.1800E-02 -0.8356E-03
  0.1705E+04  0.2709E-02 -0.1236E-02
  0.1710E+04  0.3644E-02 -0.1636E-02
  0.1715E+04  0.4593E-02 -0.2029E-02
  0.1720E+04  0.5546E-02 -0.2411E-02
  0.1725E+04  0.6501E-02 -0.2781E-02
  0.1730E+04  0.7454E-02 -0.3137E-02
  0.1735E+04  0.8404E-02 -0.3479E-02
  0.1740E+04  0.9350E-02 -0.3807E-02
  0.1745E+04  0.1029E-01 -0.4120E-02
  0.1750E+04  0.1123E-01 -0.4417E-02
  0.1755E+04  0.1217E-01 -0.4699E-02
  0.1760E+04  0.1311E-01 -0.4964E-02
  0.1765E+04  0.1405E-01 -0.5213E-02
  0.1770E+04  0.1499E-01 -0.5444E-02
  0.1775E+04  0.1593E-01 -0.5656E-02
  0.1780E+04  0.1688E-01 -0.5850E-02
  0.1785E+04  0.1784E-01 -0.6022E-02
  0.1790E+04  0.1880E-01 -0.6172E-02
  0.1795E+04  0.1977E-01 -0.6299E-02
  0.1800E+04  0.2074E-01 -0.6400E-02
  0.1805E+04  0.2173E-01 -0.6473E-02
  0.1810E+04  0.2273E-01 -0.6518E-02
  0.1815E+04  0.2373E-01 -0.6530E-02
  0.1820E+04  0.2475E-01 -0.6510E-02
  0.1825E+04  0.2578E-01 -0.6454E-02
  0.1830E+04  0.2681E-01 -0.6359E-02
  0.1835E+04  0.2786E-01 -0.6224E-02
  0.1840E+04  0.2891E-01 -0.6046E-02
  0.1845E+04  0.2997E-01 -0.5823E-02
  0.1850E+04  0.3104E-01 -0.5552E-02
  0.1855E+04  0.3210E-01 -0.5231E-02
  0.1860E+04  0.3317E-01 -0.4857E-02
  0.1865E+04  0.3424E-01 -0.4429E-02
  0.1870E+04  0.3530E-01 -0.3945E-02
  0.1875E+04  0.3635E-01 -0.3402E-02
  0.1880E+04  0.3739E-01 -0.2799E-02
  0.1885E+04  0.3842E-01 -0.2135E-02
  0.1890E+04  0.3942E-01 -0.1410E-02
  0.1895E+04  0.4040E-01 -0.6222E-03
  0.1900E+04  0.4135E-01  0.2276E-03
  0.1905E+04  0.4226E-01  0.1139E-02
  0.1910E+04  0.4314E-01  0.2110E-02
  0.1915E+04  0.4397E-01  0.3140E-02
  0.1920E+04  0.4475E-01  0.4226E-02
  0.1925E+04  0.4548E-01  0.5365E-02
  0.1930E+04  0.4615E-01  0.6553E-02
  0.1935E+04  0.4675E-01  0.7786E-02
  0.1940E+04  0.4729E-01  0.9061E-02
  0.1945E+04  0.4776E-01  0.1037E-01
  0.1950E+04  0.4816E-01  0.1171E-01
  0.1955E+04  0.4848E-01  0.1308E-01
  0.1960E+04  0.4873E-01  0.1447E-01
  0.1965E+04  0.4890E-01  0.1587E-01
  0.1970E+04  0.4900E-01  0.1729E-01
  0.1975E+04  0.4902E-01  0.1871E-01
  0.1980E+04  0.4896E-01  0.2013E-01
  0.1985E+04  0.4883E-01  0.2154E-01
  0.1990E+04  0.4862E-01  0.2295E-01
  0.1995E+04  0.4834E-01  0.2434E-01
  0.2000E+04  0.4800E-01  0.2572E-01
  0.2005E+04  0.4758E-01  0.2707E-01
  0.2010E+04  0.4709E-01  0.2841E-01
  0.2015E+04  0.4655E-01  0.2972E-01
  0.2020E+04  0.4593E-01  0.3100E-01
  0.2025E+04  0.4526E-01  0.3225E-01
  0.2030E+04  0.4452E-01  0.3347E-01
  0.2035E+04  0.4373E-01  0.3465E-01
  0.2040E+04  0.4288E-01  0.3580E-01
  0.2045E+04  0.4198E-01  0.3691E-01
  0.2050E+04  0.4102E-01  0.3798E-01
  0.2055E+04  0.4001E-01  0.3901E-01
  0.2060E+04  0.3894E-01  0.4000E-01
  0.2065E+04  0.3782E-01  0.4093E-01
  0.2070E+04  0.3666E-01  0.4182E-01
  0.2075E+04  0.3544E-01  0.4266E-01
  0.2080E+04  0.3417E-01  0.4344E-01
  0.2085E+04  0.3285E-01  0.4416E-01
  0.2090E+04  0.3149E-01  0.4481E-01
  0.2095E+04  0.3008E-01  0.4540E-01
  0.2100E+04  0.2864E-01  0.4591E-01
  0.2105E+04  0.2715E-01  0.4635E-01
  0.2110E+04  0.2564E-01  0.4671E-01
  0.2115E+04  0.2410E-01  0.4698E-01
  0.2120E+04  0.2253E-01  0.4716E-01
  0.2125E+04  0.2095E-01  0.4724E-01
  0.2130E+04  0.1937E-01  0.4723E-01
  0.2135E+04  0.1778E-01  0.4712E-01
  0.2140E+04  0.1621E-01  0.4691E-01
  0.2145E+04  0.1466E-01  0.4661E-01
  0.2150E+04  0.1313E-01  0.4620E-01
  0.2155E+04  0.1165E-01  0.4570E-01
  0.2160E+04  0.1021E-01  0.4511E-01
  0.2165E+04  0.8822E-02  0.4444E-01
  0.2170E+04  0.7500E-02  0.4369E-01
  0.2175E+04  0.6247E-02  0.4286E-01
  0.2180E+04  0.5069E-02  0.4198E-01
  0.2185E+04  0.3970E-02  0.4104E-01
  0.2190E+04  0.2953E-02  0.4005E-01
  0.2195E+04  0.2019E-02  0.3904E-01
  0.2200E+04  0.1168E-02  0.3799E-01
                   
   Partial-wave = D15
   W (MeV)   < MB (nf)|T| MB (ni) > 
  0.1690E+04 -0.4169E-04  0.5225E-04
  0.1695E+04 -0.2075E-03  0.2379E-03
  0.1700E+04 -0.4188E-03  0.4423E-03
  0.1705E+04 -0.6603E-03  0.6462E-03
  0.1710E+04 -0.9233E-03  0.8414E-03
  0.1715E+04 -0.1201E-02  0.1024E-02
  0.1720E+04 -0.1489E-02  0.1192E-02
  0.1725E+04 -0.1781E-02  0.1345E-02
  0.1730E+04 -0.2076E-02  0.1483E-02
  0.1735E+04 -0.2371E-02  0.1607E-02
  0.1740E+04 -0.2663E-02  0.1718E-02
  0.1745E+04 -0.2951E-02  0.1816E-02
  0.1750E+04 -0.3234E-02  0.1903E-02
  0.1755E+04 -0.3511E-02  0.1979E-02
  0.1760E+04 -0.3781E-02  0.2047E-02
  0.1765E+04 -0.4045E-02  0.2105E-02
  0.1770E+04 -0.4301E-02  0.2156E-02
  0.1775E+04 -0.4549E-02  0.2200E-02
  0.1780E+04 -0.4791E-02  0.2238E-02
  0.1785E+04 -0.5025E-02  0.2271E-02
  0.1790E+04 -0.5252E-02  0.2298E-02
  0.1795E+04 -0.5471E-02  0.2321E-02
  0.1800E+04 -0.5684E-02  0.2339E-02
  0.1805E+04 -0.5890E-02  0.2354E-02
  0.1810E+04 -0.6089E-02  0.2366E-02
  0.1815E+04 -0.6282E-02  0.2375E-02
  0.1820E+04 -0.6469E-02  0.2380E-02
  0.1825E+04 -0.6649E-02  0.2384E-02
  0.1830E+04 -0.6824E-02  0.2384E-02
  0.1835E+04 -0.6993E-02  0.2383E-02
  0.1840E+04 -0.7156E-02  0.2380E-02
  0.1845E+04 -0.7314E-02  0.2375E-02
  0.1850E+04 -0.7467E-02  0.2368E-02
  0.1855E+04 -0.7615E-02  0.2360E-02
  0.1860E+04 -0.7758E-02  0.2350E-02
  0.1865E+04 -0.7896E-02  0.2340E-02
  0.1870E+04 -0.8030E-02  0.2328E-02
  0.1875E+04 -0.8159E-02  0.2316E-02
  0.1880E+04 -0.8283E-02  0.2302E-02
  0.1885E+04 -0.8404E-02  0.2289E-02
  0.1890E+04 -0.8521E-02  0.2274E-02
  0.1895E+04 -0.8633E-02  0.2259E-02
  0.1900E+04 -0.8742E-02  0.2244E-02
  0.1905E+04 -0.8847E-02  0.2228E-02
  0.1910E+04 -0.8948E-02  0.2212E-02
  0.1915E+04 -0.9046E-02  0.2196E-02
  0.1920E+04 -0.9140E-02  0.2181E-02
  0.1925E+04 -0.9231E-02  0.2165E-02
  0.1930E+04 -0.9319E-02  0.2149E-02
  0.1935E+04 -0.9403E-02  0.2134E-02
  0.1940E+04 -0.9484E-02  0.2119E-02
  0.1945E+04 -0.9563E-02  0.2104E-02
  0.1950E+04 -0.9638E-02  0.2090E-02
  0.1955E+04 -0.9711E-02  0.2077E-02
  0.1960E+04 -0.9781E-02  0.2065E-02
  0.1965E+04 -0.9848E-02  0.2053E-02
  0.1970E+04 -0.9913E-02  0.2043E-02
  0.1975E+04 -0.9975E-02  0.2033E-02
  0.1980E+04 -0.1004E-01  0.2025E-02
  0.1985E+04 -0.1009E-01  0.2018E-02
  0.1990E+04 -0.1015E-01  0.2012E-02
  0.1995E+04 -0.1021E-01  0.2007E-02
  0.2000E+04 -0.1026E-01  0.2004E-02
  0.2005E+04 -0.1031E-01  0.2002E-02
  0.2010E+04 -0.1036E-01  0.2002E-02
  0.2015E+04 -0.1041E-01  0.2003E-02
  0.2020E+04 -0.1046E-01  0.2006E-02
  0.2025E+04 -0.1051E-01  0.2010E-02
  0.2030E+04 -0.1055E-01  0.2015E-02
  0.2035E+04 -0.1060E-01  0.2021E-02
  0.2040E+04 -0.1064E-01  0.2030E-02
  0.2045E+04 -0.1069E-01  0.2039E-02
  0.2050E+04 -0.1073E-01  0.2049E-02
  0.2055E+04 -0.1078E-01  0.2061E-02
  0.2060E+04 -0.1082E-01  0.2074E-02
  0.2065E+04 -0.1087E-01  0.2088E-02
  0.2070E+04 -0.1091E-01  0.2103E-02
  0.2075E+04 -0.1096E-01  0.2120E-02
  0.2080E+04 -0.1100E-01  0.2137E-02
  0.2085E+04 -0.1105E-01  0.2156E-02
  0.2090E+04 -0.1110E-01  0.2176E-02
  0.2095E+04 -0.1114E-01  0.2196E-02
  0.2100E+04 -0.1119E-01  0.2218E-02
  0.2105E+04 -0.1124E-01  0.2241E-02
  0.2110E+04 -0.1129E-01  0.2265E-02
  0.2115E+04 -0.1133E-01  0.2290E-02
  0.2120E+04 -0.1139E-01  0.2316E-02
  0.2125E+04 -0.1144E-01  0.2343E-02
  0.2130E+04 -0.1149E-01  0.2372E-02
  0.2135E+04 -0.1154E-01  0.2401E-02
  0.2140E+04 -0.1160E-01  0.2432E-02
  0.2145E+04 -0.1165E-01  0.2464E-02
  0.2150E+04 -0.1171E-01  0.2496E-02
  0.2155E+04 -0.1177E-01  0.2530E-02
  0.2160E+04 -0.1183E-01  0.2565E-02
  0.2165E+04 -0.1190E-01  0.2600E-02
  0.2170E+04 -0.1196E-01  0.2635E-02
  0.2175E+04 -0.1203E-01  0.2671E-02
  0.2180E+04 -0.1210E-01  0.2708E-02
  0.2185E+04 -0.1218E-01  0.2744E-02
  0.2190E+04 -0.1226E-01  0.2779E-02
  0.2195E+04 -0.1233E-01  0.2814E-02
  0.2200E+04 -0.1242E-01  0.2848E-02
                   
   Partial-wave = D33
   W (MeV)   < MB (nf)|T| MB (ni) > 
  0.1690E+04 -0.1520E-03  0.7298E-04
  0.1695E+04 -0.7252E-03  0.3450E-03
  0.1700E+04 -0.1417E-02  0.6677E-03
  0.1705E+04 -0.2179E-02  0.1018E-02
  0.1710E+04 -0.2992E-02  0.1384E-02
  0.1715E+04 -0.3842E-02  0.1762E-02
  0.1720E+04 -0.4720E-02  0.2147E-02
  0.1725E+04 -0.5620E-02  0.2536E-02
  0.1730E+04 -0.6537E-02  0.2927E-02
  0.1735E+04 -0.7465E-02  0.3319E-02
  0.1740E+04 -0.8402E-02  0.3710E-02
  0.1745E+04 -0.9344E-02  0.4101E-02
  0.1750E+04 -0.1029E-01  0.4490E-02
  0.1755E+04 -0.1123E-01  0.4877E-02
  0.1760E+04 -0.1218E-01  0.5262E-02
  0.1765E+04 -0.1312E-01  0.5644E-02
  0.1770E+04 -0.1405E-01  0.6025E-02
  0.1775E+04 -0.1499E-01  0.6403E-02
  0.1780E+04 -0.1591E-01  0.6779E-02
  0.1785E+04 -0.1683E-01  0.7153E-02
  0.1790E+04 -0.1774E-01  0.7525E-02
  0.1795E+04 -0.1864E-01  0.7894E-02
  0.1800E+04 -0.1954E-01  0.8259E-02
  0.1805E+04 -0.2042E-01  0.8622E-02
  0.1810E+04 -0.2130E-01  0.8981E-02
  0.1815E+04 -0.2217E-01  0.9336E-02
  0.1820E+04 -0.2303E-01  0.9686E-02
  0.1825E+04 -0.2388E-01  0.1003E-01
  0.1830E+04 -0.2472E-01  0.1037E-01
  0.1835E+04 -0.2555E-01  0.1070E-01
  0.1840E+04 -0.2636E-01  0.1103E-01
  0.1845E+04 -0.2716E-01  0.1135E-01
  0.1850E+04 -0.2795E-01  0.1166E-01
  0.1855E+04 -0.2872E-01  0.1197E-01
  0.1860E+04 -0.2947E-01  0.1227E-01
  0.1865E+04 -0.3021E-01  0.1257E-01
  0.1870E+04 -0.3094E-01  0.1286E-01
  0.1875E+04 -0.3164E-01  0.1315E-01
  0.1880E+04 -0.3233E-01  0.1344E-01
  0.1885E+04 -0.3300E-01  0.1372E-01
  0.1890E+04 -0.3365E-01  0.1400E-01
  0.1895E+04 -0.3429E-01  0.1428E-01
  0.1900E+04 -0.3491E-01  0.1456E-01
  0.1905E+04 -0.3551E-01  0.1484E-01
  0.1910E+04 -0.3609E-01  0.1512E-01
  0.1915E+04 -0.3666E-01  0.1540E-01
  0.1920E+04 -0.3721E-01  0.1568E-01
  0.1925E+04 -0.3775E-01  0.1597E-01
  0.1930E+04 -0.3828E-01  0.1626E-01
  0.1935E+04 -0.3879E-01  0.1655E-01
  0.1940E+04 -0.3929E-01  0.1684E-01
  0.1945E+04 -0.3979E-01  0.1713E-01
  0.1950E+04 -0.4026E-01  0.1743E-01
  0.1955E+04 -0.4073E-01  0.1773E-01
  0.1960E+04 -0.4119E-01  0.1803E-01
  0.1965E+04 -0.4164E-01  0.1833E-01
  0.1970E+04 -0.4208E-01  0.1863E-01
  0.1975E+04 -0.4251E-01  0.1893E-01
  0.1980E+04 -0.4293E-01  0.1923E-01
  0.1985E+04 -0.4335E-01  0.1954E-01
  0.1990E+04 -0.4375E-01  0.1984E-01
  0.1995E+04 -0.4415E-01  0.2014E-01
  0.2000E+04 -0.4454E-01  0.2044E-01
  0.2005E+04 -0.4493E-01  0.2074E-01
  0.2010E+04 -0.4530E-01  0.2105E-01
  0.2015E+04 -0.4568E-01  0.2135E-01
  0.2020E+04 -0.4604E-01  0.2165E-01
  0.2025E+04 -0.4640E-01  0.2194E-01
  0.2030E+04 -0.4675E-01  0.2224E-01
  0.2035E+04 -0.4710E-01  0.2253E-01
  0.2040E+04 -0.4745E-01  0.2282E-01
  0.2045E+04 -0.4778E-01  0.2311E-01
  0.2050E+04 -0.4812E-01  0.2339E-01
  0.2055E+04 -0.4844E-01  0.2367E-01
  0.2060E+04 -0.4877E-01  0.2394E-01
  0.2065E+04 -0.4908E-01  0.2421E-01
  0.2070E+04 -0.4939E-01  0.2447E-01
  0.2075E+04 -0.4969E-01  0.2473E-01
  0.2080E+04 -0.4999E-01  0.2498E-01
  0.2085E+04 -0.5028E-01  0.2522E-01
  0.2090E+04 -0.5056E-01  0.2546E-01
  0.2095E+04 -0.5083E-01  0.2569E-01
  0.2100E+04 -0.5109E-01  0.2591E-01
  0.2105E+04 -0.5134E-01  0.2613E-01
  0.2110E+04 -0.5159E-01  0.2635E-01
  0.2115E+04 -0.5182E-01  0.2656E-01
  0.2120E+04 -0.5204E-01  0.2676E-01
  0.2125E+04 -0.5225E-01  0.2696E-01
  0.2130E+04 -0.5245E-01  0.2716E-01
  0.2135E+04 -0.5264E-01  0.2735E-01
  0.2140E+04 -0.5282E-01  0.2755E-01
  0.2145E+04 -0.5298E-01  0.2774E-01
  0.2150E+04 -0.5314E-01  0.2792E-01
  0.2155E+04 -0.5328E-01  0.2811E-01
  0.2160E+04 -0.5341E-01  0.2830E-01
  0.2165E+04 -0.5353E-01  0.2849E-01
  0.2170E+04 -0.5364E-01  0.2869E-01
  0.2175E+04 -0.5374E-01  0.2888E-01
  0.2180E+04 -0.5383E-01  0.2908E-01
  0.2185E+04 -0.5391E-01  0.2929E-01
  0.2190E+04 -0.5398E-01  0.2950E-01
  0.2195E+04 -0.5404E-01  0.2971E-01
  0.2200E+04 -0.5410E-01  0.2994E-01
                   
   Partial-wave = D35
   W (MeV)   < MB (nf)|T| MB (ni) > 
  0.1690E+04  0.1047E-03 -0.2279E-05
  0.1695E+04  0.4998E-03 -0.9596E-05
  0.1700E+04  0.9783E-03 -0.1600E-04
  0.1705E+04  0.1510E-02 -0.1993E-04
  0.1710E+04  0.2081E-02 -0.2024E-04
  0.1715E+04  0.2687E-02 -0.1580E-04
  0.1720E+04  0.3322E-02 -0.5412E-05
  0.1725E+04  0.3984E-02  0.1221E-04
  0.1730E+04  0.4671E-02  0.3851E-04
  0.1735E+04  0.5382E-02  0.7510E-04
  0.1740E+04  0.6116E-02  0.1238E-03
  0.1745E+04  0.6873E-02  0.1866E-03
  0.1750E+04  0.7652E-02  0.2656E-03
  0.1755E+04  0.8452E-02  0.3633E-03
  0.1760E+04  0.9272E-02  0.4824E-03
  0.1765E+04  0.1011E-01  0.6257E-03
  0.1770E+04  0.1097E-01  0.7962E-03
  0.1775E+04  0.1185E-01  0.9972E-03
  0.1780E+04  0.1275E-01  0.1232E-02
  0.1785E+04  0.1366E-01  0.1504E-02
  0.1790E+04  0.1458E-01  0.1818E-02
  0.1795E+04  0.1552E-01  0.2177E-02
  0.1800E+04  0.1646E-01  0.2585E-02
  0.1805E+04  0.1741E-01  0.3046E-02
  0.1810E+04  0.1835E-01  0.3565E-02
  0.1815E+04  0.1929E-01  0.4144E-02
  0.1820E+04  0.2023E-01  0.4788E-02
  0.1825E+04  0.2114E-01  0.5500E-02
  0.1830E+04  0.2203E-01  0.6283E-02
  0.1835E+04  0.2289E-01  0.7138E-02
  0.1840E+04  0.2371E-01  0.8066E-02
  0.1845E+04  0.2447E-01  0.9068E-02
  0.1850E+04  0.2518E-01  0.1014E-01
  0.1855E+04  0.2581E-01  0.1128E-01
  0.1860E+04  0.2637E-01  0.1249E-01
  0.1865E+04  0.2683E-01  0.1375E-01
  0.1870E+04  0.2719E-01  0.1506E-01
  0.1875E+04  0.2745E-01  0.1640E-01
  0.1880E+04  0.2759E-01  0.1777E-01
  0.1885E+04  0.2762E-01  0.1916E-01
  0.1890E+04  0.2753E-01  0.2055E-01
  0.1895E+04  0.2733E-01  0.2193E-01
  0.1900E+04  0.2700E-01  0.2329E-01
  0.1905E+04  0.2656E-01  0.2462E-01
  0.1910E+04  0.2601E-01  0.2590E-01
  0.1915E+04  0.2536E-01  0.2713E-01
  0.1920E+04  0.2461E-01  0.2829E-01
  0.1925E+04  0.2377E-01  0.2937E-01
  0.1930E+04  0.2285E-01  0.3038E-01
  0.1935E+04  0.2186E-01  0.3131E-01
  0.1940E+04  0.2081E-01  0.3214E-01
  0.1945E+04  0.1971E-01  0.3287E-01
  0.1950E+04  0.1856E-01  0.3351E-01
  0.1955E+04  0.1739E-01  0.3405E-01
  0.1960E+04  0.1619E-01  0.3449E-01
  0.1965E+04  0.1498E-01  0.3483E-01
  0.1970E+04  0.1377E-01  0.3507E-01
  0.1975E+04  0.1257E-01  0.3522E-01
  0.1980E+04  0.1139E-01  0.3528E-01
  0.1985E+04  0.1023E-01  0.3525E-01
  0.1990E+04  0.9107E-02  0.3515E-01
  0.1995E+04  0.8021E-02  0.3497E-01
  0.2000E+04  0.6978E-02  0.3472E-01
  0.2005E+04  0.5983E-02  0.3442E-01
  0.2010E+04  0.5038E-02  0.3407E-01
  0.2015E+04  0.4145E-02  0.3367E-01
  0.2020E+04  0.3305E-02  0.3324E-01
  0.2025E+04  0.2519E-02  0.3277E-01
  0.2030E+04  0.1786E-02  0.3228E-01
  0.2035E+04  0.1105E-02  0.3177E-01
  0.2040E+04  0.4751E-03  0.3124E-01
  0.2045E+04 -0.1064E-03  0.3071E-01
  0.2050E+04 -0.6413E-03  0.3017E-01
  0.2055E+04 -0.1132E-02  0.2963E-01
  0.2060E+04 -0.1581E-02  0.2909E-01
  0.2065E+04 -0.1991E-02  0.2855E-01
  0.2070E+04 -0.2365E-02  0.2803E-01
  0.2075E+04 -0.2704E-02  0.2751E-01
  0.2080E+04 -0.3013E-02  0.2700E-01
  0.2085E+04 -0.3293E-02  0.2650E-01
  0.2090E+04 -0.3548E-02  0.2602E-01
  0.2095E+04 -0.3778E-02  0.2555E-01
  0.2100E+04 -0.3987E-02  0.2510E-01
  0.2105E+04 -0.4177E-02  0.2466E-01
  0.2110E+04 -0.4350E-02  0.2424E-01
  0.2115E+04 -0.4507E-02  0.2384E-01
  0.2120E+04 -0.4651E-02  0.2345E-01
  0.2125E+04 -0.4783E-02  0.2307E-01
  0.2130E+04 -0.4905E-02  0.2271E-01
  0.2135E+04 -0.5017E-02  0.2237E-01
  0.2140E+04 -0.5122E-02  0.2204E-01
  0.2145E+04 -0.5220E-02  0.2172E-01
  0.2150E+04 -0.5312E-02  0.2142E-01
  0.2155E+04 -0.5399E-02  0.2113E-01
  0.2160E+04 -0.5482E-02  0.2085E-01
  0.2165E+04 -0.5561E-02  0.2059E-01
  0.2170E+04 -0.5636E-02  0.2034E-01
  0.2175E+04 -0.5708E-02  0.2009E-01
  0.2180E+04 -0.5777E-02  0.1986E-01
  0.2185E+04 -0.5843E-02  0.1964E-01
  0.2190E+04 -0.5906E-02  0.1943E-01
  0.2195E+04 -0.5967E-02  0.1923E-01
  0.2200E+04 -0.6025E-02  0.1904E-01
                   
   Partial-wave = F15
   W (MeV)   < MB (nf)|T| MB (ni) > 
  0.1690E+04 -0.1978E-05  0.7956E-05
  0.1695E+04 -0.2240E-04  0.6786E-04
  0.1700E+04 -0.6727E-04  0.1647E-03
  0.1705E+04 -0.1378E-03  0.2847E-03
  0.1710E+04 -0.2330E-03  0.4186E-03
  0.1715E+04 -0.3506E-03  0.5598E-03
  0.1720E+04 -0.4880E-03  0.7038E-03
  0.1725E+04 -0.6422E-03  0.8475E-03
  0.1730E+04 -0.8105E-03  0.9891E-03
  0.1735E+04 -0.9906E-03  0.1128E-02
  0.1740E+04 -0.1180E-02  0.1262E-02
  0.1745E+04 -0.1378E-02  0.1393E-02
  0.1750E+04 -0.1583E-02  0.1520E-02
  0.1755E+04 -0.1793E-02  0.1643E-02
  0.1760E+04 -0.2008E-02  0.1763E-02
  0.1765E+04 -0.2228E-02  0.1880E-02
  0.1770E+04 -0.2450E-02  0.1995E-02
  0.1775E+04 -0.2677E-02  0.2107E-02
  0.1780E+04 -0.2906E-02  0.2217E-02
  0.1785E+04 -0.3138E-02  0.2325E-02
  0.1790E+04 -0.3372E-02  0.2431E-02
  0.1795E+04 -0.3609E-02  0.2535E-02
  0.1800E+04 -0.3848E-02  0.2639E-02
  0.1805E+04 -0.4090E-02  0.2740E-02
  0.1810E+04 -0.4334E-02  0.2841E-02
  0.1815E+04 -0.4580E-02  0.2939E-02
  0.1820E+04 -0.4828E-02  0.3037E-02
  0.1825E+04 -0.5078E-02  0.3133E-02
  0.1830E+04 -0.5331E-02  0.3228E-02
  0.1835E+04 -0.5585E-02  0.3321E-02
  0.1840E+04 -0.5841E-02  0.3414E-02
  0.1845E+04 -0.6099E-02  0.3505E-02
  0.1850E+04 -0.6358E-02  0.3595E-02
  0.1855E+04 -0.6620E-02  0.3683E-02
  0.1860E+04 -0.6883E-02  0.3770E-02
  0.1865E+04 -0.7148E-02  0.3856E-02
  0.1870E+04 -0.7414E-02  0.3941E-02
  0.1875E+04 -0.7682E-02  0.4025E-02
  0.1880E+04 -0.7952E-02  0.4107E-02
  0.1885E+04 -0.8224E-02  0.4189E-02
  0.1890E+04 -0.8498E-02  0.4268E-02
  0.1895E+04 -0.8774E-02  0.4347E-02
  0.1900E+04 -0.9051E-02  0.4425E-02
  0.1905E+04 -0.9331E-02  0.4501E-02
  0.1910E+04 -0.9612E-02  0.4575E-02
  0.1915E+04 -0.9896E-02  0.4648E-02
  0.1920E+04 -0.1018E-01  0.4719E-02
  0.1925E+04 -0.1047E-01  0.4789E-02
  0.1930E+04 -0.1076E-01  0.4857E-02
  0.1935E+04 -0.1105E-01  0.4923E-02
  0.1940E+04 -0.1134E-01  0.4987E-02
  0.1945E+04 -0.1164E-01  0.5049E-02
  0.1950E+04 -0.1194E-01  0.5109E-02
  0.1955E+04 -0.1224E-01  0.5167E-02
  0.1960E+04 -0.1254E-01  0.5222E-02
  0.1965E+04 -0.1285E-01  0.5276E-02
  0.1970E+04 -0.1316E-01  0.5327E-02
  0.1975E+04 -0.1346E-01  0.5377E-02
  0.1980E+04 -0.1378E-01  0.5423E-02
  0.1985E+04 -0.1409E-01  0.5468E-02
  0.1990E+04 -0.1441E-01  0.5509E-02
  0.1995E+04 -0.1473E-01  0.5548E-02
  0.2000E+04 -0.1505E-01  0.5584E-02
  0.2005E+04 -0.1538E-01  0.5616E-02
  0.2010E+04 -0.1571E-01  0.5646E-02
  0.2015E+04 -0.1604E-01  0.5671E-02
  0.2020E+04 -0.1637E-01  0.5693E-02
  0.2025E+04 -0.1671E-01  0.5711E-02
  0.2030E+04 -0.1705E-01  0.5724E-02
  0.2035E+04 -0.1740E-01  0.5732E-02
  0.2040E+04 -0.1775E-01  0.5736E-02
  0.2045E+04 -0.1809E-01  0.5733E-02
  0.2050E+04 -0.1845E-01  0.5725E-02
  0.2055E+04 -0.1880E-01  0.5711E-02
  0.2060E+04 -0.1916E-01  0.5691E-02
  0.2065E+04 -0.1952E-01  0.5664E-02
  0.2070E+04 -0.1988E-01  0.5629E-02
  0.2075E+04 -0.2025E-01  0.5588E-02
  0.2080E+04 -0.2061E-01  0.5539E-02
  0.2085E+04 -0.2098E-01  0.5483E-02
  0.2090E+04 -0.2134E-01  0.5419E-02
  0.2095E+04 -0.2171E-01  0.5348E-02
  0.2100E+04 -0.2207E-01  0.5269E-02
  0.2105E+04 -0.2244E-01  0.5182E-02
  0.2110E+04 -0.2280E-01  0.5088E-02
  0.2115E+04 -0.2316E-01  0.4986E-02
  0.2120E+04 -0.2352E-01  0.4877E-02
  0.2125E+04 -0.2388E-01  0.4761E-02
  0.2130E+04 -0.2423E-01  0.4638E-02
  0.2135E+04 -0.2458E-01  0.4508E-02
  0.2140E+04 -0.2493E-01  0.4372E-02
  0.2145E+04 -0.2528E-01  0.4229E-02
  0.2150E+04 -0.2563E-01  0.4080E-02
  0.2155E+04 -0.2597E-01  0.3926E-02
  0.2160E+04 -0.2631E-01  0.3766E-02
  0.2165E+04 -0.2664E-01  0.3601E-02
  0.2170E+04 -0.2697E-01  0.3431E-02
  0.2175E+04 -0.2730E-01  0.3257E-02
  0.2180E+04 -0.2763E-01  0.3078E-02
  0.2185E+04 -0.2795E-01  0.2894E-02
  0.2190E+04 -0.2827E-01  0.2707E-02
  0.2195E+04 -0.2859E-01  0.2515E-02
  0.2200E+04 -0.2891E-01  0.2320E-02
                   
   Partial-wave = F17
   W (MeV)   < MB (nf)|T| MB (ni) > 
  0.1690E+04 -0.1055E-05 -0.8108E-07
  0.1695E+04 -0.9539E-05 -0.7624E-06
  0.1700E+04 -0.2473E-04 -0.2054E-05
  0.1705E+04 -0.4589E-04 -0.3962E-05
  0.1710E+04 -0.7266E-04 -0.6516E-05
  0.1715E+04 -0.1048E-03 -0.9758E-05
  0.1720E+04 -0.1422E-03 -0.1374E-04
  0.1725E+04 -0.1846E-03 -0.1850E-04
  0.1730E+04 -0.2321E-03 -0.2410E-04
  0.1735E+04 -0.2844E-03 -0.3060E-04
  0.1740E+04 -0.3416E-03 -0.3805E-04
  0.1745E+04 -0.4035E-03 -0.4651E-04
  0.1750E+04 -0.4702E-03 -0.5604E-04
  0.1755E+04 -0.5414E-03 -0.6671E-04
  0.1760E+04 -0.6173E-03 -0.7858E-04
  0.1765E+04 -0.6977E-03 -0.9173E-04
  0.1770E+04 -0.7827E-03 -0.1062E-03
  0.1775E+04 -0.8720E-03 -0.1222E-03
  0.1780E+04 -0.9659E-03 -0.1396E-03
  0.1785E+04 -0.1064E-02 -0.1587E-03
  0.1790E+04 -0.1167E-02 -0.1796E-03
  0.1795E+04 -0.1273E-02 -0.2023E-03
  0.1800E+04 -0.1384E-02 -0.2269E-03
  0.1805E+04 -0.1500E-02 -0.2536E-03
  0.1810E+04 -0.1619E-02 -0.2826E-03
  0.1815E+04 -0.1742E-02 -0.3140E-03
  0.1820E+04 -0.1870E-02 -0.3478E-03
  0.1825E+04 -0.2001E-02 -0.3844E-03
  0.1830E+04 -0.2136E-02 -0.4238E-03
  0.1835E+04 -0.2274E-02 -0.4662E-03
  0.1840E+04 -0.2416E-02 -0.5117E-03
  0.1845E+04 -0.2561E-02 -0.5605E-03
  0.1850E+04 -0.2710E-02 -0.6128E-03
  0.1855E+04 -0.2861E-02 -0.6686E-03
  0.1860E+04 -0.3016E-02 -0.7282E-03
  0.1865E+04 -0.3172E-02 -0.7916E-03
  0.1870E+04 -0.3332E-02 -0.8590E-03
  0.1875E+04 -0.3493E-02 -0.9305E-03
  0.1880E+04 -0.3657E-02 -0.1006E-02
  0.1885E+04 -0.3821E-02 -0.1086E-02
  0.1890E+04 -0.3988E-02 -0.1170E-02
  0.1895E+04 -0.4156E-02 -0.1258E-02
  0.1900E+04 -0.4325E-02 -0.1351E-02
  0.1905E+04 -0.4495E-02 -0.1448E-02
  0.1910E+04 -0.4665E-02 -0.1550E-02
  0.1915E+04 -0.4835E-02 -0.1656E-02
  0.1920E+04 -0.5006E-02 -0.1767E-02
  0.1925E+04 -0.5177E-02 -0.1881E-02
  0.1930E+04 -0.5347E-02 -0.2001E-02
  0.1935E+04 -0.5517E-02 -0.2125E-02
  0.1940E+04 -0.5685E-02 -0.2253E-02
  0.1945E+04 -0.5853E-02 -0.2386E-02
  0.1950E+04 -0.6020E-02 -0.2523E-02
  0.1955E+04 -0.6185E-02 -0.2664E-02
  0.1960E+04 -0.6348E-02 -0.2809E-02
  0.1965E+04 -0.6510E-02 -0.2958E-02
  0.1970E+04 -0.6669E-02 -0.3111E-02
  0.1975E+04 -0.6827E-02 -0.3268E-02
  0.1980E+04 -0.6981E-02 -0.3429E-02
  0.1985E+04 -0.7134E-02 -0.3593E-02
  0.1990E+04 -0.7284E-02 -0.3762E-02
  0.1995E+04 -0.7431E-02 -0.3933E-02
  0.2000E+04 -0.7575E-02 -0.4108E-02
  0.2005E+04 -0.7716E-02 -0.4286E-02
  0.2010E+04 -0.7855E-02 -0.4468E-02
  0.2015E+04 -0.7990E-02 -0.4653E-02
  0.2020E+04 -0.8122E-02 -0.4842E-02
  0.2025E+04 -0.8250E-02 -0.5034E-02
  0.2030E+04 -0.8375E-02 -0.5229E-02
  0.2035E+04 -0.8496E-02 -0.5428E-02
  0.2040E+04 -0.8613E-02 -0.5631E-02
  0.2045E+04 -0.8725E-02 -0.5837E-02
  0.2050E+04 -0.8833E-02 -0.6047E-02
  0.2055E+04 -0.8935E-02 -0.6261E-02
  0.2060E+04 -0.9032E-02 -0.6478E-02
  0.2065E+04 -0.9122E-02 -0.6698E-02
  0.2070E+04 -0.9206E-02 -0.6922E-02
  0.2075E+04 -0.9283E-02 -0.7149E-02
  0.2080E+04 -0.9353E-02 -0.7378E-02
  0.2085E+04 -0.9414E-02 -0.7610E-02
  0.2090E+04 -0.9467E-02 -0.7843E-02
  0.2095E+04 -0.9511E-02 -0.8078E-02
  0.2100E+04 -0.9545E-02 -0.8312E-02
  0.2105E+04 -0.9570E-02 -0.8547E-02
  0.2110E+04 -0.9585E-02 -0.8780E-02
  0.2115E+04 -0.9590E-02 -0.9011E-02
  0.2120E+04 -0.9585E-02 -0.9239E-02
  0.2125E+04 -0.9571E-02 -0.9462E-02
  0.2130E+04 -0.9547E-02 -0.9681E-02
  0.2135E+04 -0.9515E-02 -0.9894E-02
  0.2140E+04 -0.9474E-02 -0.1010E-01
  0.2145E+04 -0.9426E-02 -0.1030E-01
  0.2150E+04 -0.9371E-02 -0.1049E-01
  0.2155E+04 -0.9310E-02 -0.1067E-01
  0.2160E+04 -0.9245E-02 -0.1085E-01
  0.2165E+04 -0.9176E-02 -0.1101E-01
  0.2170E+04 -0.9105E-02 -0.1116E-01
  0.2175E+04 -0.9032E-02 -0.1131E-01
  0.2180E+04 -0.8958E-02 -0.1145E-01
  0.2185E+04 -0.8885E-02 -0.1158E-01
  0.2190E+04 -0.8813E-02 -0.1170E-01
  0.2195E+04 -0.8743E-02 -0.1181E-01
  0.2200E+04 -0.8677E-02 -0.1191E-01
                   
   Partial-wave = F35
   W (MeV)   < MB (nf)|T| MB (ni) > 
  0.1690E+04 -0.6397E-06  0.7279E-06
  0.1695E+04 -0.4781E-05  0.7396E-05
  0.1700E+04 -0.9933E-05  0.2150E-04
  0.1705E+04 -0.1420E-04  0.4465E-04
  0.1710E+04 -0.1641E-04  0.7885E-04
  0.1715E+04 -0.1597E-04  0.1264E-03
  0.1720E+04 -0.1287E-04  0.1895E-03
  0.1725E+04 -0.7685E-05  0.2708E-03
  0.1730E+04 -0.1554E-05  0.3724E-03
  0.1735E+04  0.3862E-05  0.4962E-03
  0.1740E+04  0.6462E-05  0.6440E-03
  0.1745E+04  0.3799E-05  0.8169E-03
  0.1750E+04 -0.6805E-05  0.1016E-02
  0.1755E+04 -0.2816E-04  0.1240E-02
  0.1760E+04 -0.6312E-04  0.1491E-02
  0.1765E+04 -0.1145E-03  0.1766E-02
  0.1770E+04 -0.1851E-03  0.2065E-02
  0.1775E+04 -0.2774E-03  0.2385E-02
  0.1780E+04 -0.3939E-03  0.2726E-02
  0.1785E+04 -0.5367E-03  0.3083E-02
  0.1790E+04 -0.7074E-03  0.3455E-02
  0.1795E+04 -0.9074E-03  0.3837E-02
  0.1800E+04 -0.1137E-02  0.4226E-02
  0.1805E+04 -0.1397E-02  0.4618E-02
  0.1810E+04 -0.1685E-02  0.5010E-02
  0.1815E+04 -0.2002E-02  0.5396E-02
  0.1820E+04 -0.2343E-02  0.5775E-02
  0.1825E+04 -0.2707E-02  0.6143E-02
  0.1830E+04 -0.3090E-02  0.6498E-02
  0.1835E+04 -0.3490E-02  0.6839E-02
  0.1840E+04 -0.3902E-02  0.7164E-02
  0.1845E+04 -0.4322E-02  0.7475E-02
  0.1850E+04 -0.4749E-02  0.7771E-02
  0.1855E+04 -0.5179E-02  0.8054E-02
  0.1860E+04 -0.5610E-02  0.8324E-02
  0.1865E+04 -0.6040E-02  0.8584E-02
  0.1870E+04 -0.6468E-02  0.8836E-02
  0.1875E+04 -0.6892E-02  0.9080E-02
  0.1880E+04 -0.7312E-02  0.9320E-02
  0.1885E+04 -0.7728E-02  0.9556E-02
  0.1890E+04 -0.8140E-02  0.9790E-02
  0.1895E+04 -0.8548E-02  0.1002E-01
  0.1900E+04 -0.8952E-02  0.1026E-01
  0.1905E+04 -0.9353E-02  0.1049E-01
  0.1910E+04 -0.9751E-02  0.1073E-01
  0.1915E+04 -0.1015E-01  0.1097E-01
  0.1920E+04 -0.1054E-01  0.1121E-01
  0.1925E+04 -0.1094E-01  0.1146E-01
  0.1930E+04 -0.1133E-01  0.1171E-01
  0.1935E+04 -0.1173E-01  0.1197E-01
  0.1940E+04 -0.1212E-01  0.1223E-01
  0.1945E+04 -0.1252E-01  0.1249E-01
  0.1950E+04 -0.1292E-01  0.1276E-01
  0.1955E+04 -0.1333E-01  0.1303E-01
  0.1960E+04 -0.1373E-01  0.1331E-01
  0.1965E+04 -0.1414E-01  0.1358E-01
  0.1970E+04 -0.1455E-01  0.1387E-01
  0.1975E+04 -0.1497E-01  0.1415E-01
  0.1980E+04 -0.1539E-01  0.1443E-01
  0.1985E+04 -0.1581E-01  0.1472E-01
  0.1990E+04 -0.1625E-01  0.1501E-01
  0.1995E+04 -0.1668E-01  0.1530E-01
  0.2000E+04 -0.1712E-01  0.1559E-01
  0.2005E+04 -0.1757E-01  0.1588E-01
  0.2010E+04 -0.1802E-01  0.1617E-01
  0.2015E+04 -0.1848E-01  0.1647E-01
  0.2020E+04 -0.1894E-01  0.1675E-01
  0.2025E+04 -0.1941E-01  0.1704E-01
  0.2030E+04 -0.1988E-01  0.1733E-01
  0.2035E+04 -0.2036E-01  0.1761E-01
  0.2040E+04 -0.2085E-01  0.1789E-01
  0.2045E+04 -0.2133E-01  0.1816E-01
  0.2050E+04 -0.2183E-01  0.1843E-01
  0.2055E+04 -0.2233E-01  0.1870E-01
  0.2060E+04 -0.2283E-01  0.1897E-01
  0.2065E+04 -0.2333E-01  0.1923E-01
  0.2070E+04 -0.2384E-01  0.1948E-01
  0.2075E+04 -0.2435E-01  0.1973E-01
  0.2080E+04 -0.2486E-01  0.1998E-01
  0.2085E+04 -0.2538E-01  0.2022E-01
  0.2090E+04 -0.2590E-01  0.2046E-01
  0.2095E+04 -0.2642E-01  0.2070E-01
  0.2100E+04 -0.2695E-01  0.2093E-01
  0.2105E+04 -0.2748E-01  0.2115E-01
  0.2110E+04 -0.2802E-01  0.2138E-01
  0.2115E+04 -0.2856E-01  0.2160E-01
  0.2120E+04 -0.2910E-01  0.2181E-01
  0.2125E+04 -0.2965E-01  0.2202E-01
  0.2130E+04 -0.3021E-01  0.2223E-01
  0.2135E+04 -0.3077E-01  0.2243E-01
  0.2140E+04 -0.3134E-01  0.2262E-01
  0.2145E+04 -0.3192E-01  0.2280E-01
  0.2150E+04 -0.3251E-01  0.2298E-01
  0.2155E+04 -0.3310E-01  0.2315E-01
  0.2160E+04 -0.3370E-01  0.2330E-01
  0.2165E+04 -0.3431E-01  0.2345E-01
  0.2170E+04 -0.3492E-01  0.2358E-01
  0.2175E+04 -0.3554E-01  0.2370E-01
  0.2180E+04 -0.3617E-01  0.2381E-01
  0.2185E+04 -0.3680E-01  0.2390E-01
  0.2190E+04 -0.3743E-01  0.2397E-01
  0.2195E+04 -0.3807E-01  0.2403E-01
  0.2200E+04 -0.3871E-01  0.2407E-01
                   
   Partial-wave = F37
   W (MeV)   < MB (nf)|T| MB (ni) > 
  0.1690E+04  0.3114E-05  0.6953E-06
  0.1695E+04  0.2858E-04  0.6681E-05
  0.1700E+04  0.7514E-04  0.1840E-04
  0.1705E+04  0.1414E-03  0.3629E-04
  0.1710E+04  0.2270E-03  0.6106E-04
  0.1715E+04  0.3320E-03  0.9359E-04
  0.1720E+04  0.4563E-03  0.1349E-03
  0.1725E+04  0.6004E-03  0.1861E-03
  0.1730E+04  0.7644E-03  0.2485E-03
  0.1735E+04  0.9486E-03  0.3236E-03
  0.1740E+04  0.1153E-02  0.4129E-03
  0.1745E+04  0.1379E-02  0.5181E-03
  0.1750E+04  0.1625E-02  0.6411E-03
  0.1755E+04  0.1892E-02  0.7842E-03
  0.1760E+04  0.2179E-02  0.9497E-03
  0.1765E+04  0.2488E-02  0.1140E-02
  0.1770E+04  0.2816E-02  0.1359E-02
  0.1775E+04  0.3164E-02  0.1608E-02
  0.1780E+04  0.3531E-02  0.1892E-02
  0.1785E+04  0.3914E-02  0.2214E-02
  0.1790E+04  0.4313E-02  0.2579E-02
  0.1795E+04  0.4724E-02  0.2990E-02
  0.1800E+04  0.5144E-02  0.3452E-02
  0.1805E+04  0.5569E-02  0.3970E-02
  0.1810E+04  0.5994E-02  0.4548E-02
  0.1815E+04  0.6411E-02  0.5191E-02
  0.1820E+04  0.6814E-02  0.5902E-02
  0.1825E+04  0.7193E-02  0.6685E-02
  0.1830E+04  0.7538E-02  0.7541E-02
  0.1835E+04  0.7836E-02  0.8470E-02
  0.1840E+04  0.8076E-02  0.9471E-02
  0.1845E+04  0.8244E-02  0.1054E-01
  0.1850E+04  0.8326E-02  0.1167E-01
  0.1855E+04  0.8311E-02  0.1285E-01
  0.1860E+04  0.8187E-02  0.1406E-01
  0.1865E+04  0.7945E-02  0.1530E-01
  0.1870E+04  0.7581E-02  0.1654E-01
  0.1875E+04  0.7091E-02  0.1776E-01
  0.1880E+04  0.6479E-02  0.1895E-01
  0.1885E+04  0.5751E-02  0.2008E-01
  0.1890E+04  0.4916E-02  0.2114E-01
  0.1895E+04  0.3989E-02  0.2211E-01
  0.1900E+04  0.2986E-02  0.2299E-01
  0.1905E+04  0.1922E-02  0.2376E-01
  0.1910E+04  0.8162E-03  0.2442E-01
  0.1915E+04 -0.3153E-03  0.2497E-01
  0.1920E+04 -0.1457E-02  0.2542E-01
  0.1925E+04 -0.2595E-02  0.2577E-01
  0.1930E+04 -0.3719E-02  0.2603E-01
  0.1935E+04 -0.4818E-02  0.2620E-01
  0.1940E+04 -0.5887E-02  0.2629E-01
  0.1945E+04 -0.6919E-02  0.2632E-01
  0.1950E+04 -0.7912E-02  0.2629E-01
  0.1955E+04 -0.8865E-02  0.2622E-01
  0.1960E+04 -0.9777E-02  0.2609E-01
  0.1965E+04 -0.1065E-01  0.2594E-01
  0.1970E+04 -0.1148E-01  0.2575E-01
  0.1975E+04 -0.1227E-01  0.2554E-01
  0.1980E+04 -0.1303E-01  0.2530E-01
  0.1985E+04 -0.1376E-01  0.2505E-01
  0.1990E+04 -0.1445E-01  0.2479E-01
  0.1995E+04 -0.1512E-01  0.2450E-01
  0.2000E+04 -0.1576E-01  0.2421E-01
  0.2005E+04 -0.1637E-01  0.2391E-01
  0.2010E+04 -0.1696E-01  0.2359E-01
  0.2015E+04 -0.1752E-01  0.2327E-01
  0.2020E+04 -0.1806E-01  0.2294E-01
  0.2025E+04 -0.1858E-01  0.2260E-01
  0.2030E+04 -0.1908E-01  0.2225E-01
  0.2035E+04 -0.1955E-01  0.2190E-01
  0.2040E+04 -0.2001E-01  0.2154E-01
  0.2045E+04 -0.2044E-01  0.2118E-01
  0.2050E+04 -0.2085E-01  0.2082E-01
  0.2055E+04 -0.2125E-01  0.2045E-01
  0.2060E+04 -0.2162E-01  0.2008E-01
  0.2065E+04 -0.2197E-01  0.1971E-01
  0.2070E+04 -0.2230E-01  0.1934E-01
  0.2075E+04 -0.2262E-01  0.1897E-01
  0.2080E+04 -0.2292E-01  0.1861E-01
  0.2085E+04 -0.2320E-01  0.1826E-01
  0.2090E+04 -0.2347E-01  0.1791E-01
  0.2095E+04 -0.2372E-01  0.1756E-01
  0.2100E+04 -0.2396E-01  0.1722E-01
  0.2105E+04 -0.2419E-01  0.1690E-01
  0.2110E+04 -0.2441E-01  0.1657E-01
  0.2115E+04 -0.2463E-01  0.1626E-01
  0.2120E+04 -0.2484E-01  0.1596E-01
  0.2125E+04 -0.2504E-01  0.1566E-01
  0.2130E+04 -0.2524E-01  0.1537E-01
  0.2135E+04 -0.2544E-01  0.1508E-01
  0.2140E+04 -0.2563E-01  0.1480E-01
  0.2145E+04 -0.2583E-01  0.1453E-01
  0.2150E+04 -0.2602E-01  0.1426E-01
  0.2155E+04 -0.2622E-01  0.1399E-01
  0.2160E+04 -0.2642E-01  0.1372E-01
  0.2165E+04 -0.2662E-01  0.1346E-01
  0.2170E+04 -0.2682E-01  0.1319E-01
  0.2175E+04 -0.2703E-01  0.1292E-01
  0.2180E+04 -0.2723E-01  0.1265E-01
  0.2185E+04 -0.2744E-01  0.1237E-01
  0.2190E+04 -0.2764E-01  0.1209E-01
  0.2195E+04 -0.2785E-01  0.1180E-01
  0.2200E+04 -0.2805E-01  0.1151E-01
                   
   Partial-wave = G17
   W (MeV)   < MB (nf)|T| MB (ni) > 
  0.1690E+04 -0.7732E-07 -0.3931E-08
  0.1695E+04 -0.1278E-05 -0.6660E-07
  0.1700E+04 -0.4239E-05 -0.2262E-06
  0.1705E+04 -0.9154E-05 -0.5000E-06
  0.1710E+04 -0.1612E-04 -0.9007E-06
  0.1715E+04 -0.2520E-04 -0.1439E-05
  0.1720E+04 -0.3640E-04 -0.2122E-05
  0.1725E+04 -0.4972E-04 -0.2958E-05
  0.1730E+04 -0.6516E-04 -0.3952E-05
  0.1735E+04 -0.8266E-04 -0.5107E-05
  0.1740E+04 -0.1022E-03 -0.6425E-05
  0.1745E+04 -0.1237E-03 -0.7906E-05
  0.1750E+04 -0.1471E-03 -0.9549E-05
  0.1755E+04 -0.1724E-03 -0.1135E-04
  0.1760E+04 -0.1995E-03 -0.1330E-04
  0.1765E+04 -0.2282E-03 -0.1540E-04
  0.1770E+04 -0.2585E-03 -0.1762E-04
  0.1775E+04 -0.2904E-03 -0.1997E-04
  0.1780E+04 -0.3237E-03 -0.2241E-04
  0.1785E+04 -0.3582E-03 -0.2494E-04
  0.1790E+04 -0.3940E-03 -0.2752E-04
  0.1795E+04 -0.4309E-03 -0.3013E-04
  0.1800E+04 -0.4688E-03 -0.3274E-04
  0.1805E+04 -0.5076E-03 -0.3530E-04
  0.1810E+04 -0.5471E-03 -0.3779E-04
  0.1815E+04 -0.5873E-03 -0.4015E-04
  0.1820E+04 -0.6281E-03 -0.4232E-04
  0.1825E+04 -0.6692E-03 -0.4426E-04
  0.1830E+04 -0.7106E-03 -0.4589E-04
  0.1835E+04 -0.7522E-03 -0.4715E-04
  0.1840E+04 -0.7939E-03 -0.4796E-04
  0.1845E+04 -0.8354E-03 -0.4823E-04
  0.1850E+04 -0.8768E-03 -0.4788E-04
  0.1855E+04 -0.9178E-03 -0.4682E-04
  0.1860E+04 -0.9584E-03 -0.4492E-04
  0.1865E+04 -0.9984E-03 -0.4210E-04
  0.1870E+04 -0.1038E-02 -0.3821E-04
  0.1875E+04 -0.1076E-02 -0.3314E-04
  0.1880E+04 -0.1114E-02 -0.2675E-04
  0.1885E+04 -0.1151E-02 -0.1889E-04
  0.1890E+04 -0.1186E-02 -0.9395E-05
  0.1895E+04 -0.1220E-02  0.1899E-05
  0.1900E+04 -0.1253E-02  0.1518E-04
  0.1905E+04 -0.1284E-02  0.3066E-04
  0.1910E+04 -0.1314E-02  0.4855E-04
  0.1915E+04 -0.1341E-02  0.6910E-04
  0.1920E+04 -0.1368E-02  0.9257E-04
  0.1925E+04 -0.1392E-02  0.1192E-03
  0.1930E+04 -0.1414E-02  0.1494E-03
  0.1935E+04 -0.1434E-02  0.1834E-03
  0.1940E+04 -0.1452E-02  0.2216E-03
  0.1945E+04 -0.1469E-02  0.2644E-03
  0.1950E+04 -0.1483E-02  0.3122E-03
  0.1955E+04 -0.1495E-02  0.3652E-03
  0.1960E+04 -0.1506E-02  0.4241E-03
  0.1965E+04 -0.1515E-02  0.4892E-03
  0.1970E+04 -0.1523E-02  0.5609E-03
  0.1975E+04 -0.1530E-02  0.6397E-03
  0.1980E+04 -0.1536E-02  0.7260E-03
  0.1985E+04 -0.1542E-02  0.8203E-03
  0.1990E+04 -0.1548E-02  0.9228E-03
  0.1995E+04 -0.1555E-02  0.1034E-02
  0.2000E+04 -0.1562E-02  0.1154E-02
  0.2005E+04 -0.1572E-02  0.1284E-02
  0.2010E+04 -0.1584E-02  0.1424E-02
  0.2015E+04 -0.1599E-02  0.1573E-02
  0.2020E+04 -0.1618E-02  0.1732E-02
  0.2025E+04 -0.1641E-02  0.1901E-02
  0.2030E+04 -0.1671E-02  0.2081E-02
  0.2035E+04 -0.1707E-02  0.2271E-02
  0.2040E+04 -0.1750E-02  0.2470E-02
  0.2045E+04 -0.1802E-02  0.2680E-02
  0.2050E+04 -0.1864E-02  0.2898E-02
  0.2055E+04 -0.1935E-02  0.3125E-02
  0.2060E+04 -0.2018E-02  0.3360E-02
  0.2065E+04 -0.2113E-02  0.3603E-02
  0.2070E+04 -0.2222E-02  0.3852E-02
  0.2075E+04 -0.2343E-02  0.4107E-02
  0.2080E+04 -0.2480E-02  0.4366E-02
  0.2085E+04 -0.2631E-02  0.4629E-02
  0.2090E+04 -0.2797E-02  0.4894E-02
  0.2095E+04 -0.2979E-02  0.5160E-02
  0.2100E+04 -0.3177E-02  0.5426E-02
  0.2105E+04 -0.3390E-02  0.5690E-02
  0.2110E+04 -0.3619E-02  0.5951E-02
  0.2115E+04 -0.3864E-02  0.6207E-02
  0.2120E+04 -0.4123E-02  0.6458E-02
  0.2125E+04 -0.4397E-02  0.6702E-02
  0.2130E+04 -0.4685E-02  0.6938E-02
  0.2135E+04 -0.4985E-02  0.7164E-02
  0.2140E+04 -0.5296E-02  0.7380E-02
  0.2145E+04 -0.5619E-02  0.7586E-02
  0.2150E+04 -0.5950E-02  0.7779E-02
  0.2155E+04 -0.6289E-02  0.7960E-02
  0.2160E+04 -0.6635E-02  0.8129E-02
  0.2165E+04 -0.6985E-02  0.8285E-02
  0.2170E+04 -0.7340E-02  0.8429E-02
  0.2175E+04 -0.7697E-02  0.8561E-02
  0.2180E+04 -0.8056E-02  0.8681E-02
  0.2185E+04 -0.8415E-02  0.8790E-02
  0.2190E+04 -0.8773E-02  0.8889E-02
  0.2195E+04 -0.9131E-02  0.8978E-02
  0.2200E+04 -0.9487E-02  0.9059E-02
                   
   Partial-wave = G19
   W (MeV)   < MB (nf)|T| MB (ni) > 
  0.1690E+04  0.2667E-08  0.9290E-09
  0.1695E+04  0.5550E-07  0.1678E-07
  0.1700E+04  0.2223E-06  0.6069E-07
  0.1705E+04  0.5635E-06  0.1427E-06
  0.1710E+04  0.1141E-05  0.2732E-06
  0.1715E+04  0.2019E-05  0.4634E-06
  0.1720E+04  0.3262E-05  0.7254E-06
  0.1725E+04  0.4935E-05  0.1072E-05
  0.1730E+04  0.7103E-05  0.1519E-05
  0.1735E+04  0.9832E-05  0.2079E-05
  0.1740E+04  0.1319E-04  0.2771E-05
  0.1745E+04  0.1724E-04  0.3612E-05
  0.1750E+04  0.2204E-04  0.4620E-05
  0.1755E+04  0.2767E-04  0.5817E-05
  0.1760E+04  0.3419E-04  0.7225E-05
  0.1765E+04  0.4167E-04  0.8867E-05
  0.1770E+04  0.5017E-04  0.1077E-04
  0.1775E+04  0.5975E-04  0.1296E-04
  0.1780E+04  0.7049E-04  0.1548E-04
  0.1785E+04  0.8246E-04  0.1834E-04
  0.1790E+04  0.9571E-04  0.2160E-04
  0.1795E+04  0.1103E-03  0.2528E-04
  0.1800E+04  0.1263E-03  0.2945E-04
  0.1805E+04  0.1438E-03  0.3413E-04
  0.1810E+04  0.1629E-03  0.3939E-04
  0.1815E+04  0.1836E-03  0.4528E-04
  0.1820E+04  0.2059E-03  0.5186E-04
  0.1825E+04  0.2300E-03  0.5920E-04
  0.1830E+04  0.2559E-03  0.6737E-04
  0.1835E+04  0.2836E-03  0.7645E-04
  0.1840E+04  0.3132E-03  0.8651E-04
  0.1845E+04  0.3448E-03  0.9765E-04
  0.1850E+04  0.3784E-03  0.1100E-03
  0.1855E+04  0.4141E-03  0.1235E-03
  0.1860E+04  0.4518E-03  0.1385E-03
  0.1865E+04  0.4917E-03  0.1548E-03
  0.1870E+04  0.5337E-03  0.1728E-03
  0.1875E+04  0.5779E-03  0.1925E-03
  0.1880E+04  0.6243E-03  0.2140E-03
  0.1885E+04  0.6729E-03  0.2374E-03
  0.1890E+04  0.7237E-03  0.2630E-03
  0.1895E+04  0.7768E-03  0.2907E-03
  0.1900E+04  0.8320E-03  0.3207E-03
  0.1905E+04  0.8896E-03  0.3533E-03
  0.1910E+04  0.9493E-03  0.3884E-03
  0.1915E+04  0.1011E-02  0.4264E-03
  0.1920E+04  0.1075E-02  0.4673E-03
  0.1925E+04  0.1141E-02  0.5113E-03
  0.1930E+04  0.1210E-02  0.5586E-03
  0.1935E+04  0.1280E-02  0.6093E-03
  0.1940E+04  0.1352E-02  0.6637E-03
  0.1945E+04  0.1427E-02  0.7218E-03
  0.1950E+04  0.1503E-02  0.7839E-03
  0.1955E+04  0.1581E-02  0.8501E-03
  0.1960E+04  0.1660E-02  0.9207E-03
  0.1965E+04  0.1741E-02  0.9958E-03
  0.1970E+04  0.1823E-02  0.1076E-02
  0.1975E+04  0.1907E-02  0.1160E-02
  0.1980E+04  0.1992E-02  0.1250E-02
  0.1985E+04  0.2078E-02  0.1345E-02
  0.1990E+04  0.2165E-02  0.1446E-02
  0.1995E+04  0.2252E-02  0.1553E-02
  0.2000E+04  0.2341E-02  0.1666E-02
  0.2005E+04  0.2429E-02  0.1785E-02
  0.2010E+04  0.2518E-02  0.1910E-02
  0.2015E+04  0.2606E-02  0.2043E-02
  0.2020E+04  0.2694E-02  0.2183E-02
  0.2025E+04  0.2782E-02  0.2330E-02
  0.2030E+04  0.2868E-02  0.2486E-02
  0.2035E+04  0.2953E-02  0.2649E-02
  0.2040E+04  0.3035E-02  0.2822E-02
  0.2045E+04  0.3115E-02  0.3003E-02
  0.2050E+04  0.3191E-02  0.3194E-02
  0.2055E+04  0.3263E-02  0.3394E-02
  0.2060E+04  0.3329E-02  0.3603E-02
  0.2065E+04  0.3390E-02  0.3823E-02
  0.2070E+04  0.3443E-02  0.4052E-02
  0.2075E+04  0.3489E-02  0.4291E-02
  0.2080E+04  0.3524E-02  0.4539E-02
  0.2085E+04  0.3549E-02  0.4796E-02
  0.2090E+04  0.3563E-02  0.5060E-02
  0.2095E+04  0.3563E-02  0.5332E-02
  0.2100E+04  0.3550E-02  0.5611E-02
  0.2105E+04  0.3521E-02  0.5893E-02
  0.2110E+04  0.3477E-02  0.6180E-02
  0.2115E+04  0.3417E-02  0.6468E-02
  0.2120E+04  0.3341E-02  0.6756E-02
  0.2125E+04  0.3249E-02  0.7042E-02
  0.2130E+04  0.3141E-02  0.7325E-02
  0.2135E+04  0.3017E-02  0.7603E-02
  0.2140E+04  0.2879E-02  0.7874E-02
  0.2145E+04  0.2728E-02  0.8138E-02
  0.2150E+04  0.2565E-02  0.8393E-02
  0.2155E+04  0.2391E-02  0.8638E-02
  0.2160E+04  0.2208E-02  0.8873E-02
  0.2165E+04  0.2018E-02  0.9097E-02
  0.2170E+04  0.1821E-02  0.9311E-02
  0.2175E+04  0.1620E-02  0.9515E-02
  0.2180E+04  0.1415E-02  0.9708E-02
  0.2185E+04  0.1207E-02  0.9893E-02
  0.2190E+04  0.9976E-03  0.1007E-01
  0.2195E+04  0.7872E-03  0.1024E-01
  0.2200E+04  0.5761E-03  0.1040E-01
                   
   Partial-wave = G37
   W (MeV)   < MB (nf)|T| MB (ni) > 
  0.1690E+04 -0.1494E-06  0.5542E-09
  0.1695E+04 -0.2479E-05  0.9008E-08
  0.1700E+04 -0.8254E-05  0.2930E-07
  0.1705E+04 -0.1790E-04  0.6185E-07
  0.1710E+04 -0.3165E-04  0.1061E-06
  0.1715E+04 -0.4969E-04  0.1609E-06
  0.1720E+04 -0.7212E-04  0.2246E-06
  0.1725E+04 -0.9901E-04  0.2948E-06
  0.1730E+04 -0.1304E-03  0.3691E-06
  0.1735E+04 -0.1663E-03  0.4443E-06
  0.1740E+04 -0.2068E-03  0.5170E-06
  0.1745E+04 -0.2518E-03  0.5833E-06
  0.1750E+04 -0.3014E-03  0.6389E-06
  0.1755E+04 -0.3554E-03  0.6792E-06
  0.1760E+04 -0.4139E-03  0.6989E-06
  0.1765E+04 -0.4769E-03  0.6927E-06
  0.1770E+04 -0.5442E-03  0.6543E-06
  0.1775E+04 -0.6159E-03  0.5771E-06
  0.1780E+04 -0.6919E-03  0.4541E-06
  0.1785E+04 -0.7721E-03  0.2773E-06
  0.1790E+04 -0.8566E-03  0.3814E-07
  0.1795E+04 -0.9451E-03 -0.2728E-06
  0.1800E+04 -0.1038E-02 -0.6659E-06
  0.1805E+04 -0.1135E-02 -0.1152E-05
  0.1810E+04 -0.1235E-02 -0.1745E-05
  0.1815E+04 -0.1340E-02 -0.2456E-05
  0.1820E+04 -0.1448E-02 -0.3302E-05
  0.1825E+04 -0.1560E-02 -0.4297E-05
  0.1830E+04 -0.1676E-02 -0.5459E-05
  0.1835E+04 -0.1796E-02 -0.6806E-05
  0.1840E+04 -0.1919E-02 -0.8358E-05
  0.1845E+04 -0.2046E-02 -0.1014E-04
  0.1850E+04 -0.2176E-02 -0.1216E-04
  0.1855E+04 -0.2310E-02 -0.1445E-04
  0.1860E+04 -0.2447E-02 -0.1704E-04
  0.1865E+04 -0.2588E-02 -0.1995E-04
  0.1870E+04 -0.2731E-02 -0.2321E-04
  0.1875E+04 -0.2878E-02 -0.2684E-04
  0.1880E+04 -0.3029E-02 -0.3087E-04
  0.1885E+04 -0.3182E-02 -0.3533E-04
  0.1890E+04 -0.3338E-02 -0.4027E-04
  0.1895E+04 -0.3497E-02 -0.4570E-04
  0.1900E+04 -0.3659E-02 -0.5167E-04
  0.1905E+04 -0.3825E-02 -0.5821E-04
  0.1910E+04 -0.3993E-02 -0.6536E-04
  0.1915E+04 -0.4163E-02 -0.7317E-04
  0.1920E+04 -0.4337E-02 -0.8169E-04
  0.1925E+04 -0.4513E-02 -0.9096E-04
  0.1930E+04 -0.4692E-02 -0.1010E-03
  0.1935E+04 -0.4873E-02 -0.1120E-03
  0.1940E+04 -0.5057E-02 -0.1238E-03
  0.1945E+04 -0.5243E-02 -0.1367E-03
  0.1950E+04 -0.5432E-02 -0.1505E-03
  0.1955E+04 -0.5623E-02 -0.1655E-03
  0.1960E+04 -0.5817E-02 -0.1817E-03
  0.1965E+04 -0.6012E-02 -0.1990E-03
  0.1970E+04 -0.6210E-02 -0.2177E-03
  0.1975E+04 -0.6410E-02 -0.2378E-03
  0.1980E+04 -0.6612E-02 -0.2593E-03
  0.1985E+04 -0.6816E-02 -0.2823E-03
  0.1990E+04 -0.7022E-02 -0.3068E-03
  0.1995E+04 -0.7229E-02 -0.3330E-03
  0.2000E+04 -0.7439E-02 -0.3610E-03
  0.2005E+04 -0.7650E-02 -0.3908E-03
  0.2010E+04 -0.7862E-02 -0.4225E-03
  0.2015E+04 -0.8076E-02 -0.4562E-03
  0.2020E+04 -0.8292E-02 -0.4920E-03
  0.2025E+04 -0.8509E-02 -0.5300E-03
  0.2030E+04 -0.8727E-02 -0.5704E-03
  0.2035E+04 -0.8946E-02 -0.6132E-03
  0.2040E+04 -0.9166E-02 -0.6586E-03
  0.2045E+04 -0.9387E-02 -0.7068E-03
  0.2050E+04 -0.9609E-02 -0.7579E-03
  0.2055E+04 -0.9831E-02 -0.8120E-03
  0.2060E+04 -0.1005E-01 -0.8693E-03
  0.2065E+04 -0.1028E-01 -0.9300E-03
  0.2070E+04 -0.1050E-01 -0.9941E-03
  0.2075E+04 -0.1072E-01 -0.1062E-02
  0.2080E+04 -0.1094E-01 -0.1133E-02
  0.2085E+04 -0.1116E-01 -0.1208E-02
  0.2090E+04 -0.1138E-01 -0.1287E-02
  0.2095E+04 -0.1160E-01 -0.1370E-02
  0.2100E+04 -0.1181E-01 -0.1456E-02
  0.2105E+04 -0.1202E-01 -0.1547E-02
  0.2110E+04 -0.1223E-01 -0.1640E-02
  0.2115E+04 -0.1243E-01 -0.1737E-02
  0.2120E+04 -0.1263E-01 -0.1837E-02
  0.2125E+04 -0.1283E-01 -0.1939E-02
  0.2130E+04 -0.1302E-01 -0.2043E-02
  0.2135E+04 -0.1320E-01 -0.2149E-02
  0.2140E+04 -0.1338E-01 -0.2256E-02
  0.2145E+04 -0.1356E-01 -0.2364E-02
  0.2150E+04 -0.1373E-01 -0.2471E-02
  0.2155E+04 -0.1389E-01 -0.2577E-02
  0.2160E+04 -0.1405E-01 -0.2682E-02
  0.2165E+04 -0.1420E-01 -0.2785E-02
  0.2170E+04 -0.1435E-01 -0.2886E-02
  0.2175E+04 -0.1449E-01 -0.2984E-02
  0.2180E+04 -0.1464E-01 -0.3079E-02
  0.2185E+04 -0.1477E-01 -0.3171E-02
  0.2190E+04 -0.1491E-01 -0.3260E-02
  0.2195E+04 -0.1504E-01 -0.3346E-02
  0.2200E+04 -0.1518E-01 -0.3429E-02
                   
   Partial-wave = G39
   W (MeV)   < MB (nf)|T| MB (ni) > 
  0.1690E+04 -0.2849E-07  0.9032E-10
  0.1695E+04 -0.4708E-06  0.1741E-08
  0.1700E+04 -0.1560E-05  0.6690E-08
  0.1705E+04 -0.3367E-05  0.1664E-07
  0.1710E+04 -0.5926E-05  0.3356E-07
  0.1715E+04 -0.9255E-05  0.5976E-07
  0.1720E+04 -0.1336E-04  0.9786E-07
  0.1725E+04 -0.1823E-04  0.1509E-06
  0.1730E+04 -0.2387E-04  0.2221E-06
  0.1735E+04 -0.3025E-04  0.3154E-06
  0.1740E+04 -0.3736E-04  0.4349E-06
  0.1745E+04 -0.4518E-04  0.5851E-06
  0.1750E+04 -0.5368E-04  0.7711E-06
  0.1755E+04 -0.6283E-04  0.9984E-06
  0.1760E+04 -0.7260E-04  0.1273E-05
  0.1765E+04 -0.8297E-04  0.1602E-05
  0.1770E+04 -0.9389E-04  0.1993E-05
  0.1775E+04 -0.1053E-03  0.2454E-05
  0.1780E+04 -0.1173E-03  0.2993E-05
  0.1785E+04 -0.1297E-03  0.3622E-05
  0.1790E+04 -0.1424E-03  0.4351E-05
  0.1795E+04 -0.1556E-03  0.5193E-05
  0.1800E+04 -0.1691E-03  0.6161E-05
  0.1805E+04 -0.1829E-03  0.7270E-05
  0.1810E+04 -0.1969E-03  0.8538E-05
  0.1815E+04 -0.2112E-03  0.9981E-05
  0.1820E+04 -0.2256E-03  0.1162E-04
  0.1825E+04 -0.2401E-03  0.1348E-04
  0.1830E+04 -0.2548E-03  0.1557E-04
  0.1835E+04 -0.2695E-03  0.1794E-04
  0.1840E+04 -0.2842E-03  0.2059E-04
  0.1845E+04 -0.2989E-03  0.2356E-04
  0.1850E+04 -0.3135E-03  0.2689E-04
  0.1855E+04 -0.3281E-03  0.3059E-04
  0.1860E+04 -0.3425E-03  0.3471E-04
  0.1865E+04 -0.3568E-03  0.3928E-04
  0.1870E+04 -0.3709E-03  0.4433E-04
  0.1875E+04 -0.3848E-03  0.4989E-04
  0.1880E+04 -0.3986E-03  0.5601E-04
  0.1885E+04 -0.4120E-03  0.6273E-04
  0.1890E+04 -0.4252E-03  0.7008E-04
  0.1895E+04 -0.4381E-03  0.7810E-04
  0.1900E+04 -0.4508E-03  0.8682E-04
  0.1905E+04 -0.4631E-03  0.9630E-04
  0.1910E+04 -0.4751E-03  0.1066E-03
  0.1915E+04 -0.4868E-03  0.1177E-03
  0.1920E+04 -0.4982E-03  0.1297E-03
  0.1925E+04 -0.5093E-03  0.1425E-03
  0.1930E+04 -0.5200E-03  0.1564E-03
  0.1935E+04 -0.5305E-03  0.1712E-03
  0.1940E+04 -0.5406E-03  0.1871E-03
  0.1945E+04 -0.5504E-03  0.2040E-03
  0.1950E+04 -0.5598E-03  0.2221E-03
  0.1955E+04 -0.5690E-03  0.2413E-03
  0.1960E+04 -0.5779E-03  0.2616E-03
  0.1965E+04 -0.5865E-03  0.2832E-03
  0.1970E+04 -0.5948E-03  0.3061E-03
  0.1975E+04 -0.6029E-03  0.3302E-03
  0.1980E+04 -0.6107E-03  0.3557E-03
  0.1985E+04 -0.6182E-03  0.3825E-03
  0.1990E+04 -0.6255E-03  0.4108E-03
  0.1995E+04 -0.6325E-03  0.4406E-03
  0.2000E+04 -0.6393E-03  0.4719E-03
  0.2005E+04 -0.6459E-03  0.5048E-03
  0.2010E+04 -0.6523E-03  0.5394E-03
  0.2015E+04 -0.6585E-03  0.5758E-03
  0.2020E+04 -0.6645E-03  0.6140E-03
  0.2025E+04 -0.6704E-03  0.6542E-03
  0.2030E+04 -0.6764E-03  0.6964E-03
  0.2035E+04 -0.6823E-03  0.7408E-03
  0.2040E+04 -0.6884E-03  0.7875E-03
  0.2045E+04 -0.6948E-03  0.8365E-03
  0.2050E+04 -0.7015E-03  0.8881E-03
  0.2055E+04 -0.7089E-03  0.9422E-03
  0.2060E+04 -0.7170E-03  0.9989E-03
  0.2065E+04 -0.7261E-03  0.1058E-02
  0.2070E+04 -0.7363E-03  0.1120E-02
  0.2075E+04 -0.7481E-03  0.1185E-02
  0.2080E+04 -0.7616E-03  0.1253E-02
  0.2085E+04 -0.7771E-03  0.1323E-02
  0.2090E+04 -0.7949E-03  0.1396E-02
  0.2095E+04 -0.8152E-03  0.1471E-02
  0.2100E+04 -0.8383E-03  0.1548E-02
  0.2105E+04 -0.8645E-03  0.1627E-02
  0.2110E+04 -0.8939E-03  0.1708E-02
  0.2115E+04 -0.9266E-03  0.1789E-02
  0.2120E+04 -0.9629E-03  0.1872E-02
  0.2125E+04 -0.1003E-02  0.1955E-02
  0.2130E+04 -0.1046E-02  0.2038E-02
  0.2135E+04 -0.1092E-02  0.2121E-02
  0.2140E+04 -0.1142E-02  0.2203E-02
  0.2145E+04 -0.1195E-02  0.2284E-02
  0.2150E+04 -0.1250E-02  0.2364E-02
  0.2155E+04 -0.1308E-02  0.2442E-02
  0.2160E+04 -0.1368E-02  0.2518E-02
  0.2165E+04 -0.1429E-02  0.2593E-02
  0.2170E+04 -0.1492E-02  0.2666E-02
  0.2175E+04 -0.1556E-02  0.2737E-02
  0.2180E+04 -0.1620E-02  0.2806E-02
  0.2185E+04 -0.1685E-02  0.2873E-02
  0.2190E+04 -0.1750E-02  0.2939E-02
  0.2195E+04 -0.1814E-02  0.3004E-02
  0.2200E+04 -0.1878E-02  0.3067E-02
                   
   Partial-wave = H19
   W (MeV)   < MB (nf)|T| MB (ni) > 
  0.1690E+04 -0.2689E-08 -0.5686E-10
  0.1695E+04 -0.8355E-07 -0.1834E-08
  0.1700E+04 -0.3649E-06 -0.8311E-08
  0.1705E+04 -0.9434E-06 -0.2229E-07
  0.1710E+04 -0.1902E-05 -0.4660E-07
  0.1715E+04 -0.3314E-05 -0.8419E-07
  0.1720E+04 -0.5246E-05 -0.1382E-06
  0.1725E+04 -0.7760E-05 -0.2118E-06
  0.1730E+04 -0.1091E-04 -0.3086E-06
  0.1735E+04 -0.1475E-04 -0.4322E-06
  0.1740E+04 -0.1934E-04 -0.5867E-06
  0.1745E+04 -0.2470E-04 -0.7763E-06
  0.1750E+04 -0.3090E-04 -0.1005E-05
  0.1755E+04 -0.3797E-04 -0.1279E-05
  0.1760E+04 -0.4595E-04 -0.1602E-05
  0.1765E+04 -0.5487E-04 -0.1980E-05
  0.1770E+04 -0.6478E-04 -0.2420E-05
  0.1775E+04 -0.7570E-04 -0.2927E-05
  0.1780E+04 -0.8767E-04 -0.3509E-05
  0.1785E+04 -0.1007E-03 -0.4173E-05
  0.1790E+04 -0.1149E-03 -0.4926E-05
  0.1795E+04 -0.1302E-03 -0.5779E-05
  0.1800E+04 -0.1466E-03 -0.6740E-05
  0.1805E+04 -0.1643E-03 -0.7818E-05
  0.1810E+04 -0.1832E-03 -0.9026E-05
  0.1815E+04 -0.2033E-03 -0.1037E-04
  0.1820E+04 -0.2247E-03 -0.1188E-04
  0.1825E+04 -0.2474E-03 -0.1355E-04
  0.1830E+04 -0.2714E-03 -0.1540E-04
  0.1835E+04 -0.2968E-03 -0.1745E-04
  0.1840E+04 -0.3235E-03 -0.1971E-04
  0.1845E+04 -0.3517E-03 -0.2221E-04
  0.1850E+04 -0.3813E-03 -0.2496E-04
  0.1855E+04 -0.4123E-03 -0.2798E-04
  0.1860E+04 -0.4447E-03 -0.3130E-04
  0.1865E+04 -0.4787E-03 -0.3494E-04
  0.1870E+04 -0.5142E-03 -0.3893E-04
  0.1875E+04 -0.5512E-03 -0.4330E-04
  0.1880E+04 -0.5898E-03 -0.4807E-04
  0.1885E+04 -0.6300E-03 -0.5327E-04
  0.1890E+04 -0.6718E-03 -0.5895E-04
  0.1895E+04 -0.7152E-03 -0.6514E-04
  0.1900E+04 -0.7603E-03 -0.7187E-04
  0.1905E+04 -0.8071E-03 -0.7920E-04
  0.1910E+04 -0.8555E-03 -0.8716E-04
  0.1915E+04 -0.9057E-03 -0.9580E-04
  0.1920E+04 -0.9576E-03 -0.1052E-03
  0.1925E+04 -0.1011E-02 -0.1153E-03
  0.1930E+04 -0.1067E-02 -0.1264E-03
  0.1935E+04 -0.1124E-02 -0.1383E-03
  0.1940E+04 -0.1183E-02 -0.1512E-03
  0.1945E+04 -0.1244E-02 -0.1651E-03
  0.1950E+04 -0.1307E-02 -0.1801E-03
  0.1955E+04 -0.1371E-02 -0.1964E-03
  0.1960E+04 -0.1438E-02 -0.2138E-03
  0.1965E+04 -0.1506E-02 -0.2326E-03
  0.1970E+04 -0.1576E-02 -0.2529E-03
  0.1975E+04 -0.1648E-02 -0.2747E-03
  0.1980E+04 -0.1722E-02 -0.2980E-03
  0.1985E+04 -0.1797E-02 -0.3231E-03
  0.1990E+04 -0.1875E-02 -0.3500E-03
  0.1995E+04 -0.1954E-02 -0.3789E-03
  0.2000E+04 -0.2035E-02 -0.4097E-03
  0.2005E+04 -0.2118E-02 -0.4428E-03
  0.2010E+04 -0.2203E-02 -0.4781E-03
  0.2015E+04 -0.2289E-02 -0.5159E-03
  0.2020E+04 -0.2377E-02 -0.5563E-03
  0.2025E+04 -0.2466E-02 -0.5994E-03
  0.2030E+04 -0.2557E-02 -0.6454E-03
  0.2035E+04 -0.2649E-02 -0.6944E-03
  0.2040E+04 -0.2743E-02 -0.7466E-03
  0.2045E+04 -0.2838E-02 -0.8022E-03
  0.2050E+04 -0.2933E-02 -0.8614E-03
  0.2055E+04 -0.3030E-02 -0.9242E-03
  0.2060E+04 -0.3127E-02 -0.9909E-03
  0.2065E+04 -0.3224E-02 -0.1062E-02
  0.2070E+04 -0.3322E-02 -0.1136E-02
  0.2075E+04 -0.3419E-02 -0.1216E-02
  0.2080E+04 -0.3517E-02 -0.1299E-02
  0.2085E+04 -0.3613E-02 -0.1387E-02
  0.2090E+04 -0.3708E-02 -0.1480E-02
  0.2095E+04 -0.3802E-02 -0.1577E-02
  0.2100E+04 -0.3894E-02 -0.1680E-02
  0.2105E+04 -0.3984E-02 -0.1786E-02
  0.2110E+04 -0.4071E-02 -0.1898E-02
  0.2115E+04 -0.4156E-02 -0.2013E-02
  0.2120E+04 -0.4236E-02 -0.2133E-02
  0.2125E+04 -0.4313E-02 -0.2257E-02
  0.2130E+04 -0.4385E-02 -0.2386E-02
  0.2135E+04 -0.4453E-02 -0.2517E-02
  0.2140E+04 -0.4515E-02 -0.2652E-02
  0.2145E+04 -0.4572E-02 -0.2789E-02
  0.2150E+04 -0.4623E-02 -0.2928E-02
  0.2155E+04 -0.4667E-02 -0.3069E-02
  0.2160E+04 -0.4706E-02 -0.3211E-02
  0.2165E+04 -0.4739E-02 -0.3353E-02
  0.2170E+04 -0.4765E-02 -0.3495E-02
  0.2175E+04 -0.4785E-02 -0.3637E-02
  0.2180E+04 -0.4799E-02 -0.3777E-02
  0.2185E+04 -0.4808E-02 -0.3915E-02
  0.2190E+04 -0.4811E-02 -0.4051E-02
  0.2195E+04 -0.4810E-02 -0.4184E-02
  0.2200E+04 -0.4803E-02 -0.4314E-02
                   
   Partial-wave = H39
   W (MeV)   < MB (nf)|T| MB (ni) > 
  0.1690E+04 -0.3670E-08  0.3054E-10
  0.1695E+04 -0.1123E-06  0.1023E-08
  0.1700E+04 -0.4825E-06  0.4822E-08
  0.1705E+04 -0.1226E-05  0.1348E-07
  0.1710E+04 -0.2427E-05  0.2943E-07
  0.1715E+04 -0.4151E-05  0.5562E-07
  0.1720E+04 -0.6445E-05  0.9560E-07
  0.1725E+04 -0.9341E-05  0.1537E-06
  0.1730E+04 -0.1286E-04  0.2349E-06
  0.1735E+04 -0.1701E-04  0.3455E-06
  0.1740E+04 -0.2179E-04  0.4925E-06
  0.1745E+04 -0.2718E-04  0.6842E-06
  0.1750E+04 -0.3316E-04  0.9305E-06
  0.1755E+04 -0.3969E-04  0.1242E-05
  0.1760E+04 -0.4674E-04  0.1633E-05
  0.1765E+04 -0.5424E-04  0.2115E-05
  0.1770E+04 -0.6215E-04  0.2708E-05
  0.1775E+04 -0.7039E-04  0.3428E-05
  0.1780E+04 -0.7889E-04  0.4296E-05
  0.1785E+04 -0.8756E-04  0.5337E-05
  0.1790E+04 -0.9632E-04  0.6577E-05
  0.1795E+04 -0.1051E-03  0.8045E-05
  0.1800E+04 -0.1137E-03  0.9774E-05
  0.1805E+04 -0.1220E-03  0.1180E-04
  0.1810E+04 -0.1301E-03  0.1417E-04
  0.1815E+04 -0.1376E-03  0.1693E-04
  0.1820E+04 -0.1445E-03  0.2012E-04
  0.1825E+04 -0.1507E-03  0.2380E-04
  0.1830E+04 -0.1560E-03  0.2805E-04
  0.1835E+04 -0.1603E-03  0.3291E-04
  0.1840E+04 -0.1633E-03  0.3848E-04
  0.1845E+04 -0.1651E-03  0.4483E-04
  0.1850E+04 -0.1653E-03  0.5205E-04
  0.1855E+04 -0.1638E-03  0.6023E-04
  0.1860E+04 -0.1605E-03  0.6948E-04
  0.1865E+04 -0.1552E-03  0.7990E-04
  0.1870E+04 -0.1478E-03  0.9161E-04
  0.1875E+04 -0.1379E-03  0.1047E-03
  0.1880E+04 -0.1256E-03  0.1194E-03
  0.1885E+04 -0.1106E-03  0.1357E-03
  0.1890E+04 -0.9268E-04  0.1539E-03
  0.1895E+04 -0.7171E-04  0.1740E-03
  0.1900E+04 -0.4749E-04  0.1962E-03
  0.1905E+04 -0.1985E-04  0.2207E-03
  0.1910E+04  0.1142E-04  0.2477E-03
  0.1915E+04  0.4650E-04  0.2773E-03
  0.1920E+04  0.8560E-04  0.3098E-03
  0.1925E+04  0.1289E-03  0.3453E-03
  0.1930E+04  0.1766E-03  0.3840E-03
  0.1935E+04  0.2290E-03  0.4263E-03
  0.1940E+04  0.2861E-03  0.4723E-03
  0.1945E+04  0.3482E-03  0.5223E-03
  0.1950E+04  0.4155E-03  0.5767E-03
  0.1955E+04  0.4882E-03  0.6356E-03
  0.1960E+04  0.5663E-03  0.6994E-03
  0.1965E+04  0.6503E-03  0.7685E-03
  0.1970E+04  0.7400E-03  0.8432E-03
  0.1975E+04  0.8358E-03  0.9238E-03
  0.1980E+04  0.9378E-03  0.1011E-02
  0.1985E+04  0.1046E-02  0.1104E-02
  0.1990E+04  0.1161E-02  0.1205E-02
  0.1995E+04  0.1282E-02  0.1313E-02
  0.2000E+04  0.1410E-02  0.1429E-02
  0.2005E+04  0.1545E-02  0.1554E-02
  0.2010E+04  0.1687E-02  0.1688E-02
  0.2015E+04  0.1836E-02  0.1831E-02
  0.2020E+04  0.1992E-02  0.1985E-02
  0.2025E+04  0.2155E-02  0.2149E-02
  0.2030E+04  0.2326E-02  0.2325E-02
  0.2035E+04  0.2504E-02  0.2513E-02
  0.2040E+04  0.2689E-02  0.2714E-02
  0.2045E+04  0.2882E-02  0.2930E-02
  0.2050E+04  0.3081E-02  0.3161E-02
  0.2055E+04  0.3287E-02  0.3407E-02
  0.2060E+04  0.3499E-02  0.3671E-02
  0.2065E+04  0.3716E-02  0.3953E-02
  0.2070E+04  0.3939E-02  0.4255E-02
  0.2075E+04  0.4165E-02  0.4577E-02
  0.2080E+04  0.4395E-02  0.4921E-02
  0.2085E+04  0.4627E-02  0.5287E-02
  0.2090E+04  0.4859E-02  0.5677E-02
  0.2095E+04  0.5090E-02  0.6091E-02
  0.2100E+04  0.5318E-02  0.6531E-02
  0.2105E+04  0.5541E-02  0.6997E-02
  0.2110E+04  0.5757E-02  0.7488E-02
  0.2115E+04  0.5965E-02  0.8005E-02
  0.2120E+04  0.6162E-02  0.8549E-02
  0.2125E+04  0.6345E-02  0.9117E-02
  0.2130E+04  0.6513E-02  0.9709E-02
  0.2135E+04  0.6663E-02  0.1033E-01
  0.2140E+04  0.6794E-02  0.1096E-01
  0.2145E+04  0.6904E-02  0.1162E-01
  0.2150E+04  0.6992E-02  0.1229E-01
  0.2155E+04  0.7056E-02  0.1299E-01
  0.2160E+04  0.7097E-02  0.1369E-01
  0.2165E+04  0.7113E-02  0.1440E-01
  0.2170E+04  0.7105E-02  0.1513E-01
  0.2175E+04  0.7073E-02  0.1586E-01
  0.2180E+04  0.7019E-02  0.1660E-01
  0.2185E+04  0.6942E-02  0.1733E-01
  0.2190E+04  0.6846E-02  0.1808E-01
  0.2195E+04  0.6730E-02  0.1882E-01
  0.2200E+04  0.6597E-02  0.1956E-01
