  
   ANL-osaka amplitudes : < MB (nf)|T| MB (ni) > 
   Relation to S-matrix : S = 1 + 2 i T
 ---------------------------------- 
  Requested Amplitudes
  MB(nf)=  K-Sigma,   MB(ni)=  eta-N  
                   
                   
   Partial-wave = S11
   W (MeV)   < MB (nf)|T| MB (ni) > 
  0.1690E+04 -0.1787E+00 -0.1321E-01
  0.1695E+04 -0.1905E+00 -0.3543E-01
  0.1700E+04 -0.1823E+00 -0.4058E-01
  0.1705E+04 -0.1721E+00 -0.4263E-01
  0.1710E+04 -0.1610E+00 -0.4279E-01
  0.1715E+04 -0.1500E+00 -0.4140E-01
  0.1720E+04 -0.1398E+00 -0.3887E-01
  0.1725E+04 -0.1305E+00 -0.3556E-01
  0.1730E+04 -0.1222E+00 -0.3178E-01
  0.1735E+04 -0.1149E+00 -0.2777E-01
  0.1740E+04 -0.1085E+00 -0.2369E-01
  0.1745E+04 -0.1030E+00 -0.1968E-01
  0.1750E+04 -0.9819E-01 -0.1582E-01
  0.1755E+04 -0.9405E-01 -0.1217E-01
  0.1760E+04 -0.9046E-01 -0.8745E-02
  0.1765E+04 -0.8734E-01 -0.5575E-02
  0.1770E+04 -0.8461E-01 -0.2657E-02
  0.1775E+04 -0.8223E-01  0.1816E-04
  0.1780E+04 -0.8013E-01  0.2460E-02
  0.1785E+04 -0.7828E-01  0.4685E-02
  0.1790E+04 -0.7663E-01  0.6708E-02
  0.1795E+04 -0.7517E-01  0.8545E-02
  0.1800E+04 -0.7386E-01  0.1021E-01
  0.1805E+04 -0.7269E-01  0.1172E-01
  0.1810E+04 -0.7164E-01  0.1309E-01
  0.1815E+04 -0.7070E-01  0.1433E-01
  0.1820E+04 -0.6985E-01  0.1545E-01
  0.1825E+04 -0.6910E-01  0.1645E-01
  0.1830E+04 -0.6842E-01  0.1735E-01
  0.1835E+04 -0.6781E-01  0.1815E-01
  0.1840E+04 -0.6727E-01  0.1886E-01
  0.1845E+04 -0.6678E-01  0.1948E-01
  0.1850E+04 -0.6634E-01  0.2002E-01
  0.1855E+04 -0.6594E-01  0.2048E-01
  0.1860E+04 -0.6559E-01  0.2087E-01
  0.1865E+04 -0.6526E-01  0.2119E-01
  0.1870E+04 -0.6495E-01  0.2145E-01
  0.1875E+04 -0.6467E-01  0.2164E-01
  0.1880E+04 -0.6440E-01  0.2179E-01
  0.1885E+04 -0.6414E-01  0.2188E-01
  0.1890E+04 -0.6390E-01  0.2193E-01
  0.1895E+04 -0.6365E-01  0.2194E-01
  0.1900E+04 -0.6341E-01  0.2193E-01
  0.1905E+04 -0.6316E-01  0.2188E-01
  0.1910E+04 -0.6292E-01  0.2181E-01
  0.1915E+04 -0.6268E-01  0.2172E-01
  0.1920E+04 -0.6243E-01  0.2161E-01
  0.1925E+04 -0.6219E-01  0.2150E-01
  0.1930E+04 -0.6195E-01  0.2138E-01
  0.1935E+04 -0.6171E-01  0.2126E-01
  0.1940E+04 -0.6147E-01  0.2113E-01
  0.1945E+04 -0.6124E-01  0.2100E-01
  0.1950E+04 -0.6102E-01  0.2087E-01
  0.1955E+04 -0.6080E-01  0.2074E-01
  0.1960E+04 -0.6060E-01  0.2062E-01
  0.1965E+04 -0.6041E-01  0.2049E-01
  0.1970E+04 -0.6023E-01  0.2037E-01
  0.1975E+04 -0.6007E-01  0.2024E-01
  0.1980E+04 -0.5992E-01  0.2011E-01
  0.1985E+04 -0.5978E-01  0.1998E-01
  0.1990E+04 -0.5965E-01  0.1984E-01
  0.1995E+04 -0.5954E-01  0.1970E-01
  0.2000E+04 -0.5945E-01  0.1956E-01
  0.2005E+04 -0.5936E-01  0.1940E-01
  0.2010E+04 -0.5928E-01  0.1924E-01
  0.2015E+04 -0.5921E-01  0.1908E-01
  0.2020E+04 -0.5915E-01  0.1890E-01
  0.2025E+04 -0.5910E-01  0.1871E-01
  0.2030E+04 -0.5905E-01  0.1852E-01
  0.2035E+04 -0.5900E-01  0.1832E-01
  0.2040E+04 -0.5896E-01  0.1811E-01
  0.2045E+04 -0.5892E-01  0.1790E-01
  0.2050E+04 -0.5887E-01  0.1768E-01
  0.2055E+04 -0.5883E-01  0.1746E-01
  0.2060E+04 -0.5878E-01  0.1723E-01
  0.2065E+04 -0.5873E-01  0.1700E-01
  0.2070E+04 -0.5867E-01  0.1678E-01
  0.2075E+04 -0.5862E-01  0.1655E-01
  0.2080E+04 -0.5856E-01  0.1632E-01
  0.2085E+04 -0.5850E-01  0.1609E-01
  0.2090E+04 -0.5844E-01  0.1587E-01
  0.2095E+04 -0.5837E-01  0.1564E-01
  0.2100E+04 -0.5831E-01  0.1543E-01
  0.2105E+04 -0.5824E-01  0.1522E-01
  0.2110E+04 -0.5817E-01  0.1501E-01
  0.2115E+04 -0.5810E-01  0.1481E-01
  0.2120E+04 -0.5803E-01  0.1461E-01
  0.2125E+04 -0.5797E-01  0.1443E-01
  0.2130E+04 -0.5790E-01  0.1424E-01
  0.2135E+04 -0.5784E-01  0.1407E-01
  0.2140E+04 -0.5778E-01  0.1390E-01
  0.2145E+04 -0.5773E-01  0.1373E-01
  0.2150E+04 -0.5768E-01  0.1357E-01
  0.2155E+04 -0.5764E-01  0.1341E-01
  0.2160E+04 -0.5760E-01  0.1326E-01
  0.2165E+04 -0.5757E-01  0.1311E-01
  0.2170E+04 -0.5755E-01  0.1296E-01
  0.2175E+04 -0.5753E-01  0.1282E-01
  0.2180E+04 -0.5751E-01  0.1267E-01
  0.2185E+04 -0.5751E-01  0.1252E-01
  0.2190E+04 -0.5751E-01  0.1237E-01
  0.2195E+04 -0.5751E-01  0.1222E-01
  0.2200E+04 -0.5752E-01  0.1207E-01
                   
   Partial-wave = S31
   W (MeV)   < MB (nf)|T| MB (ni) > 
  0.1690E+04  0.0000E+00  0.0000E+00
  0.1695E+04  0.0000E+00  0.0000E+00
  0.1700E+04  0.0000E+00  0.0000E+00
  0.1705E+04  0.0000E+00  0.0000E+00
  0.1710E+04  0.0000E+00  0.0000E+00
  0.1715E+04  0.0000E+00  0.0000E+00
  0.1720E+04  0.0000E+00  0.0000E+00
  0.1725E+04  0.0000E+00  0.0000E+00
  0.1730E+04  0.0000E+00  0.0000E+00
  0.1735E+04  0.0000E+00  0.0000E+00
  0.1740E+04  0.0000E+00  0.0000E+00
  0.1745E+04  0.0000E+00  0.0000E+00
  0.1750E+04  0.0000E+00  0.0000E+00
  0.1755E+04  0.0000E+00  0.0000E+00
  0.1760E+04  0.0000E+00  0.0000E+00
  0.1765E+04  0.0000E+00  0.0000E+00
  0.1770E+04  0.0000E+00  0.0000E+00
  0.1775E+04  0.0000E+00  0.0000E+00
  0.1780E+04  0.0000E+00  0.0000E+00
  0.1785E+04  0.0000E+00  0.0000E+00
  0.1790E+04  0.0000E+00  0.0000E+00
  0.1795E+04  0.0000E+00  0.0000E+00
  0.1800E+04  0.0000E+00  0.0000E+00
  0.1805E+04  0.0000E+00  0.0000E+00
  0.1810E+04  0.0000E+00  0.0000E+00
  0.1815E+04  0.0000E+00  0.0000E+00
  0.1820E+04  0.0000E+00  0.0000E+00
  0.1825E+04  0.0000E+00  0.0000E+00
  0.1830E+04  0.0000E+00  0.0000E+00
  0.1835E+04  0.0000E+00  0.0000E+00
  0.1840E+04  0.0000E+00  0.0000E+00
  0.1845E+04  0.0000E+00  0.0000E+00
  0.1850E+04  0.0000E+00  0.0000E+00
  0.1855E+04  0.0000E+00  0.0000E+00
  0.1860E+04  0.0000E+00  0.0000E+00
  0.1865E+04  0.0000E+00  0.0000E+00
  0.1870E+04  0.0000E+00  0.0000E+00
  0.1875E+04  0.0000E+00  0.0000E+00
  0.1880E+04  0.0000E+00  0.0000E+00
  0.1885E+04  0.0000E+00  0.0000E+00
  0.1890E+04  0.0000E+00  0.0000E+00
  0.1895E+04  0.0000E+00  0.0000E+00
  0.1900E+04  0.0000E+00  0.0000E+00
  0.1905E+04  0.0000E+00  0.0000E+00
  0.1910E+04  0.0000E+00  0.0000E+00
  0.1915E+04  0.0000E+00  0.0000E+00
  0.1920E+04  0.0000E+00  0.0000E+00
  0.1925E+04  0.0000E+00  0.0000E+00
  0.1930E+04  0.0000E+00  0.0000E+00
  0.1935E+04  0.0000E+00  0.0000E+00
  0.1940E+04  0.0000E+00  0.0000E+00
  0.1945E+04  0.0000E+00  0.0000E+00
  0.1950E+04  0.0000E+00  0.0000E+00
  0.1955E+04  0.0000E+00  0.0000E+00
  0.1960E+04  0.0000E+00  0.0000E+00
  0.1965E+04  0.0000E+00  0.0000E+00
  0.1970E+04  0.0000E+00  0.0000E+00
  0.1975E+04  0.0000E+00  0.0000E+00
  0.1980E+04  0.0000E+00  0.0000E+00
  0.1985E+04  0.0000E+00  0.0000E+00
  0.1990E+04  0.0000E+00  0.0000E+00
  0.1995E+04  0.0000E+00  0.0000E+00
  0.2000E+04  0.0000E+00  0.0000E+00
  0.2005E+04  0.0000E+00  0.0000E+00
  0.2010E+04  0.0000E+00  0.0000E+00
  0.2015E+04  0.0000E+00  0.0000E+00
  0.2020E+04  0.0000E+00  0.0000E+00
  0.2025E+04  0.0000E+00  0.0000E+00
  0.2030E+04  0.0000E+00  0.0000E+00
  0.2035E+04  0.0000E+00  0.0000E+00
  0.2040E+04  0.0000E+00  0.0000E+00
  0.2045E+04  0.0000E+00  0.0000E+00
  0.2050E+04  0.0000E+00  0.0000E+00
  0.2055E+04  0.0000E+00  0.0000E+00
  0.2060E+04  0.0000E+00  0.0000E+00
  0.2065E+04  0.0000E+00  0.0000E+00
  0.2070E+04  0.0000E+00  0.0000E+00
  0.2075E+04  0.0000E+00  0.0000E+00
  0.2080E+04  0.0000E+00  0.0000E+00
  0.2085E+04  0.0000E+00  0.0000E+00
  0.2090E+04  0.0000E+00  0.0000E+00
  0.2095E+04  0.0000E+00  0.0000E+00
  0.2100E+04  0.0000E+00  0.0000E+00
  0.2105E+04  0.0000E+00  0.0000E+00
  0.2110E+04  0.0000E+00  0.0000E+00
  0.2115E+04  0.0000E+00  0.0000E+00
  0.2120E+04  0.0000E+00  0.0000E+00
  0.2125E+04  0.0000E+00  0.0000E+00
  0.2130E+04  0.0000E+00  0.0000E+00
  0.2135E+04  0.0000E+00  0.0000E+00
  0.2140E+04  0.0000E+00  0.0000E+00
  0.2145E+04  0.0000E+00  0.0000E+00
  0.2150E+04  0.0000E+00  0.0000E+00
  0.2155E+04  0.0000E+00  0.0000E+00
  0.2160E+04  0.0000E+00  0.0000E+00
  0.2165E+04  0.0000E+00  0.0000E+00
  0.2170E+04  0.0000E+00  0.0000E+00
  0.2175E+04  0.0000E+00  0.0000E+00
  0.2180E+04  0.0000E+00  0.0000E+00
  0.2185E+04  0.0000E+00  0.0000E+00
  0.2190E+04  0.0000E+00  0.0000E+00
  0.2195E+04  0.0000E+00  0.0000E+00
  0.2200E+04  0.0000E+00  0.0000E+00
                   
   Partial-wave = P11
   W (MeV)   < MB (nf)|T| MB (ni) > 
  0.1690E+04 -0.8137E-02 -0.9329E-03
  0.1695E+04 -0.2104E-01 -0.2870E-02
  0.1700E+04 -0.3167E-01 -0.5151E-02
  0.1705E+04 -0.4116E-01 -0.7894E-02
  0.1710E+04 -0.4977E-01 -0.1112E-01
  0.1715E+04 -0.5758E-01 -0.1480E-01
  0.1720E+04 -0.6463E-01 -0.1887E-01
  0.1725E+04 -0.7094E-01 -0.2327E-01
  0.1730E+04 -0.7650E-01 -0.2792E-01
  0.1735E+04 -0.8135E-01 -0.3273E-01
  0.1740E+04 -0.8551E-01 -0.3765E-01
  0.1745E+04 -0.8901E-01 -0.4260E-01
  0.1750E+04 -0.9187E-01 -0.4752E-01
  0.1755E+04 -0.9414E-01 -0.5235E-01
  0.1760E+04 -0.9587E-01 -0.5704E-01
  0.1765E+04 -0.9708E-01 -0.6155E-01
  0.1770E+04 -0.9784E-01 -0.6583E-01
  0.1775E+04 -0.9819E-01 -0.6986E-01
  0.1780E+04 -0.9819E-01 -0.7361E-01
  0.1785E+04 -0.9789E-01 -0.7706E-01
  0.1790E+04 -0.9735E-01 -0.8021E-01
  0.1795E+04 -0.9662E-01 -0.8306E-01
  0.1800E+04 -0.9574E-01 -0.8562E-01
  0.1805E+04 -0.9476E-01 -0.8790E-01
  0.1810E+04 -0.9371E-01 -0.8993E-01
  0.1815E+04 -0.9261E-01 -0.9172E-01
  0.1820E+04 -0.9150E-01 -0.9330E-01
  0.1825E+04 -0.9039E-01 -0.9469E-01
  0.1830E+04 -0.8928E-01 -0.9591E-01
  0.1835E+04 -0.8819E-01 -0.9699E-01
  0.1840E+04 -0.8711E-01 -0.9794E-01
  0.1845E+04 -0.8606E-01 -0.9877E-01
  0.1850E+04 -0.8502E-01 -0.9950E-01
  0.1855E+04 -0.8400E-01 -0.1001E+00
  0.1860E+04 -0.8300E-01 -0.1007E+00
  0.1865E+04 -0.8202E-01 -0.1012E+00
  0.1870E+04 -0.8105E-01 -0.1016E+00
  0.1875E+04 -0.8009E-01 -0.1019E+00
  0.1880E+04 -0.7915E-01 -0.1021E+00
  0.1885E+04 -0.7823E-01 -0.1023E+00
  0.1890E+04 -0.7733E-01 -0.1024E+00
  0.1895E+04 -0.7645E-01 -0.1025E+00
  0.1900E+04 -0.7560E-01 -0.1025E+00
  0.1905E+04 -0.7479E-01 -0.1024E+00
  0.1910E+04 -0.7401E-01 -0.1023E+00
  0.1915E+04 -0.7326E-01 -0.1022E+00
  0.1920E+04 -0.7256E-01 -0.1020E+00
  0.1925E+04 -0.7190E-01 -0.1017E+00
  0.1930E+04 -0.7128E-01 -0.1015E+00
  0.1935E+04 -0.7071E-01 -0.1012E+00
  0.1940E+04 -0.7018E-01 -0.1009E+00
  0.1945E+04 -0.6970E-01 -0.1006E+00
  0.1950E+04 -0.6926E-01 -0.1003E+00
  0.1955E+04 -0.6886E-01 -0.9994E-01
  0.1960E+04 -0.6849E-01 -0.9963E-01
  0.1965E+04 -0.6816E-01 -0.9932E-01
  0.1970E+04 -0.6787E-01 -0.9903E-01
  0.1975E+04 -0.6759E-01 -0.9875E-01
  0.1980E+04 -0.6735E-01 -0.9848E-01
  0.1985E+04 -0.6711E-01 -0.9824E-01
  0.1990E+04 -0.6690E-01 -0.9802E-01
  0.1995E+04 -0.6670E-01 -0.9781E-01
  0.2000E+04 -0.6650E-01 -0.9763E-01
  0.2005E+04 -0.6631E-01 -0.9747E-01
  0.2010E+04 -0.6613E-01 -0.9732E-01
  0.2015E+04 -0.6594E-01 -0.9719E-01
  0.2020E+04 -0.6575E-01 -0.9708E-01
  0.2025E+04 -0.6556E-01 -0.9698E-01
  0.2030E+04 -0.6537E-01 -0.9690E-01
  0.2035E+04 -0.6517E-01 -0.9683E-01
  0.2040E+04 -0.6496E-01 -0.9677E-01
  0.2045E+04 -0.6475E-01 -0.9672E-01
  0.2050E+04 -0.6454E-01 -0.9668E-01
  0.2055E+04 -0.6432E-01 -0.9665E-01
  0.2060E+04 -0.6409E-01 -0.9662E-01
  0.2065E+04 -0.6386E-01 -0.9660E-01
  0.2070E+04 -0.6362E-01 -0.9659E-01
  0.2075E+04 -0.6338E-01 -0.9659E-01
  0.2080E+04 -0.6313E-01 -0.9659E-01
  0.2085E+04 -0.6288E-01 -0.9660E-01
  0.2090E+04 -0.6263E-01 -0.9662E-01
  0.2095E+04 -0.6237E-01 -0.9665E-01
  0.2100E+04 -0.6210E-01 -0.9669E-01
  0.2105E+04 -0.6183E-01 -0.9673E-01
  0.2110E+04 -0.6155E-01 -0.9679E-01
  0.2115E+04 -0.6126E-01 -0.9685E-01
  0.2120E+04 -0.6097E-01 -0.9692E-01
  0.2125E+04 -0.6066E-01 -0.9701E-01
  0.2130E+04 -0.6035E-01 -0.9710E-01
  0.2135E+04 -0.6002E-01 -0.9720E-01
  0.2140E+04 -0.5969E-01 -0.9731E-01
  0.2145E+04 -0.5934E-01 -0.9743E-01
  0.2150E+04 -0.5898E-01 -0.9755E-01
  0.2155E+04 -0.5860E-01 -0.9768E-01
  0.2160E+04 -0.5821E-01 -0.9782E-01
  0.2165E+04 -0.5781E-01 -0.9796E-01
  0.2170E+04 -0.5739E-01 -0.9811E-01
  0.2175E+04 -0.5696E-01 -0.9826E-01
  0.2180E+04 -0.5652E-01 -0.9841E-01
  0.2185E+04 -0.5606E-01 -0.9857E-01
  0.2190E+04 -0.5559E-01 -0.9873E-01
  0.2195E+04 -0.5511E-01 -0.9889E-01
  0.2200E+04 -0.5461E-01 -0.9905E-01
                   
   Partial-wave = P13
   W (MeV)   < MB (nf)|T| MB (ni) > 
  0.1690E+04 -0.1351E-02 -0.2421E-03
  0.1695E+04 -0.3364E-02 -0.6463E-03
  0.1700E+04 -0.4901E-02 -0.1007E-02
  0.1705E+04 -0.6184E-02 -0.1352E-02
  0.1710E+04 -0.7288E-02 -0.1688E-02
  0.1715E+04 -0.8250E-02 -0.2013E-02
  0.1720E+04 -0.9097E-02 -0.2325E-02
  0.1725E+04 -0.9848E-02 -0.2620E-02
  0.1730E+04 -0.1052E-01 -0.2897E-02
  0.1735E+04 -0.1112E-01 -0.3156E-02
  0.1740E+04 -0.1167E-01 -0.3396E-02
  0.1745E+04 -0.1218E-01 -0.3618E-02
  0.1750E+04 -0.1264E-01 -0.3824E-02
  0.1755E+04 -0.1307E-01 -0.4014E-02
  0.1760E+04 -0.1347E-01 -0.4191E-02
  0.1765E+04 -0.1385E-01 -0.4357E-02
  0.1770E+04 -0.1421E-01 -0.4511E-02
  0.1775E+04 -0.1455E-01 -0.4655E-02
  0.1780E+04 -0.1487E-01 -0.4791E-02
  0.1785E+04 -0.1518E-01 -0.4918E-02
  0.1790E+04 -0.1547E-01 -0.5038E-02
  0.1795E+04 -0.1576E-01 -0.5151E-02
  0.1800E+04 -0.1603E-01 -0.5257E-02
  0.1805E+04 -0.1629E-01 -0.5357E-02
  0.1810E+04 -0.1655E-01 -0.5450E-02
  0.1815E+04 -0.1680E-01 -0.5537E-02
  0.1820E+04 -0.1704E-01 -0.5619E-02
  0.1825E+04 -0.1728E-01 -0.5696E-02
  0.1830E+04 -0.1751E-01 -0.5767E-02
  0.1835E+04 -0.1774E-01 -0.5834E-02
  0.1840E+04 -0.1797E-01 -0.5896E-02
  0.1845E+04 -0.1820E-01 -0.5955E-02
  0.1850E+04 -0.1842E-01 -0.6010E-02
  0.1855E+04 -0.1864E-01 -0.6062E-02
  0.1860E+04 -0.1886E-01 -0.6112E-02
  0.1865E+04 -0.1909E-01 -0.6160E-02
  0.1870E+04 -0.1931E-01 -0.6206E-02
  0.1875E+04 -0.1953E-01 -0.6251E-02
  0.1880E+04 -0.1975E-01 -0.6296E-02
  0.1885E+04 -0.1997E-01 -0.6341E-02
  0.1890E+04 -0.2019E-01 -0.6386E-02
  0.1895E+04 -0.2041E-01 -0.6432E-02
  0.1900E+04 -0.2063E-01 -0.6478E-02
  0.1905E+04 -0.2085E-01 -0.6526E-02
  0.1910E+04 -0.2107E-01 -0.6575E-02
  0.1915E+04 -0.2129E-01 -0.6625E-02
  0.1920E+04 -0.2150E-01 -0.6676E-02
  0.1925E+04 -0.2171E-01 -0.6729E-02
  0.1930E+04 -0.2193E-01 -0.6782E-02
  0.1935E+04 -0.2213E-01 -0.6836E-02
  0.1940E+04 -0.2234E-01 -0.6891E-02
  0.1945E+04 -0.2255E-01 -0.6946E-02
  0.1950E+04 -0.2275E-01 -0.7001E-02
  0.1955E+04 -0.2295E-01 -0.7057E-02
  0.1960E+04 -0.2315E-01 -0.7112E-02
  0.1965E+04 -0.2335E-01 -0.7167E-02
  0.1970E+04 -0.2354E-01 -0.7222E-02
  0.1975E+04 -0.2374E-01 -0.7277E-02
  0.1980E+04 -0.2393E-01 -0.7332E-02
  0.1985E+04 -0.2412E-01 -0.7387E-02
  0.1990E+04 -0.2431E-01 -0.7442E-02
  0.1995E+04 -0.2450E-01 -0.7496E-02
  0.2000E+04 -0.2469E-01 -0.7552E-02
  0.2005E+04 -0.2488E-01 -0.7608E-02
  0.2010E+04 -0.2507E-01 -0.7665E-02
  0.2015E+04 -0.2525E-01 -0.7722E-02
  0.2020E+04 -0.2544E-01 -0.7781E-02
  0.2025E+04 -0.2562E-01 -0.7841E-02
  0.2030E+04 -0.2581E-01 -0.7902E-02
  0.2035E+04 -0.2599E-01 -0.7964E-02
  0.2040E+04 -0.2617E-01 -0.8027E-02
  0.2045E+04 -0.2635E-01 -0.8092E-02
  0.2050E+04 -0.2652E-01 -0.8159E-02
  0.2055E+04 -0.2670E-01 -0.8226E-02
  0.2060E+04 -0.2687E-01 -0.8295E-02
  0.2065E+04 -0.2704E-01 -0.8365E-02
  0.2070E+04 -0.2720E-01 -0.8436E-02
  0.2075E+04 -0.2737E-01 -0.8508E-02
  0.2080E+04 -0.2753E-01 -0.8580E-02
  0.2085E+04 -0.2769E-01 -0.8654E-02
  0.2090E+04 -0.2784E-01 -0.8727E-02
  0.2095E+04 -0.2800E-01 -0.8801E-02
  0.2100E+04 -0.2815E-01 -0.8876E-02
  0.2105E+04 -0.2830E-01 -0.8950E-02
  0.2110E+04 -0.2844E-01 -0.9024E-02
  0.2115E+04 -0.2858E-01 -0.9098E-02
  0.2120E+04 -0.2872E-01 -0.9172E-02
  0.2125E+04 -0.2885E-01 -0.9245E-02
  0.2130E+04 -0.2899E-01 -0.9318E-02
  0.2135E+04 -0.2912E-01 -0.9390E-02
  0.2140E+04 -0.2925E-01 -0.9461E-02
  0.2145E+04 -0.2937E-01 -0.9531E-02
  0.2150E+04 -0.2950E-01 -0.9600E-02
  0.2155E+04 -0.2962E-01 -0.9668E-02
  0.2160E+04 -0.2974E-01 -0.9735E-02
  0.2165E+04 -0.2985E-01 -0.9801E-02
  0.2170E+04 -0.2997E-01 -0.9866E-02
  0.2175E+04 -0.3008E-01 -0.9930E-02
  0.2180E+04 -0.3020E-01 -0.9992E-02
  0.2185E+04 -0.3031E-01 -0.1005E-01
  0.2190E+04 -0.3042E-01 -0.1012E-01
  0.2195E+04 -0.3053E-01 -0.1018E-01
  0.2200E+04 -0.3064E-01 -0.1024E-01
                   
   Partial-wave = P31
   W (MeV)   < MB (nf)|T| MB (ni) > 
  0.1690E+04  0.0000E+00  0.0000E+00
  0.1695E+04  0.0000E+00  0.0000E+00
  0.1700E+04  0.0000E+00  0.0000E+00
  0.1705E+04  0.0000E+00  0.0000E+00
  0.1710E+04  0.0000E+00  0.0000E+00
  0.1715E+04  0.0000E+00  0.0000E+00
  0.1720E+04  0.0000E+00  0.0000E+00
  0.1725E+04  0.0000E+00  0.0000E+00
  0.1730E+04  0.0000E+00  0.0000E+00
  0.1735E+04  0.0000E+00  0.0000E+00
  0.1740E+04  0.0000E+00  0.0000E+00
  0.1745E+04  0.0000E+00  0.0000E+00
  0.1750E+04  0.0000E+00  0.0000E+00
  0.1755E+04  0.0000E+00  0.0000E+00
  0.1760E+04  0.0000E+00  0.0000E+00
  0.1765E+04  0.0000E+00  0.0000E+00
  0.1770E+04  0.0000E+00  0.0000E+00
  0.1775E+04  0.0000E+00  0.0000E+00
  0.1780E+04  0.0000E+00  0.0000E+00
  0.1785E+04  0.0000E+00  0.0000E+00
  0.1790E+04  0.0000E+00  0.0000E+00
  0.1795E+04  0.0000E+00  0.0000E+00
  0.1800E+04  0.0000E+00  0.0000E+00
  0.1805E+04  0.0000E+00  0.0000E+00
  0.1810E+04  0.0000E+00  0.0000E+00
  0.1815E+04  0.0000E+00  0.0000E+00
  0.1820E+04  0.0000E+00  0.0000E+00
  0.1825E+04  0.0000E+00  0.0000E+00
  0.1830E+04  0.0000E+00  0.0000E+00
  0.1835E+04  0.0000E+00  0.0000E+00
  0.1840E+04  0.0000E+00  0.0000E+00
  0.1845E+04  0.0000E+00  0.0000E+00
  0.1850E+04  0.0000E+00  0.0000E+00
  0.1855E+04  0.0000E+00  0.0000E+00
  0.1860E+04  0.0000E+00  0.0000E+00
  0.1865E+04  0.0000E+00  0.0000E+00
  0.1870E+04  0.0000E+00  0.0000E+00
  0.1875E+04  0.0000E+00  0.0000E+00
  0.1880E+04  0.0000E+00  0.0000E+00
  0.1885E+04  0.0000E+00  0.0000E+00
  0.1890E+04  0.0000E+00  0.0000E+00
  0.1895E+04  0.0000E+00  0.0000E+00
  0.1900E+04  0.0000E+00  0.0000E+00
  0.1905E+04  0.0000E+00  0.0000E+00
  0.1910E+04  0.0000E+00  0.0000E+00
  0.1915E+04  0.0000E+00  0.0000E+00
  0.1920E+04  0.0000E+00  0.0000E+00
  0.1925E+04  0.0000E+00  0.0000E+00
  0.1930E+04  0.0000E+00  0.0000E+00
  0.1935E+04  0.0000E+00  0.0000E+00
  0.1940E+04  0.0000E+00  0.0000E+00
  0.1945E+04  0.0000E+00  0.0000E+00
  0.1950E+04  0.0000E+00  0.0000E+00
  0.1955E+04  0.0000E+00  0.0000E+00
  0.1960E+04  0.0000E+00  0.0000E+00
  0.1965E+04  0.0000E+00  0.0000E+00
  0.1970E+04  0.0000E+00  0.0000E+00
  0.1975E+04  0.0000E+00  0.0000E+00
  0.1980E+04  0.0000E+00  0.0000E+00
  0.1985E+04  0.0000E+00  0.0000E+00
  0.1990E+04  0.0000E+00  0.0000E+00
  0.1995E+04  0.0000E+00  0.0000E+00
  0.2000E+04  0.0000E+00  0.0000E+00
  0.2005E+04  0.0000E+00  0.0000E+00
  0.2010E+04  0.0000E+00  0.0000E+00
  0.2015E+04  0.0000E+00  0.0000E+00
  0.2020E+04  0.0000E+00  0.0000E+00
  0.2025E+04  0.0000E+00  0.0000E+00
  0.2030E+04  0.0000E+00  0.0000E+00
  0.2035E+04  0.0000E+00  0.0000E+00
  0.2040E+04  0.0000E+00  0.0000E+00
  0.2045E+04  0.0000E+00  0.0000E+00
  0.2050E+04  0.0000E+00  0.0000E+00
  0.2055E+04  0.0000E+00  0.0000E+00
  0.2060E+04  0.0000E+00  0.0000E+00
  0.2065E+04  0.0000E+00  0.0000E+00
  0.2070E+04  0.0000E+00  0.0000E+00
  0.2075E+04  0.0000E+00  0.0000E+00
  0.2080E+04  0.0000E+00  0.0000E+00
  0.2085E+04  0.0000E+00  0.0000E+00
  0.2090E+04  0.0000E+00  0.0000E+00
  0.2095E+04  0.0000E+00  0.0000E+00
  0.2100E+04  0.0000E+00  0.0000E+00
  0.2105E+04  0.0000E+00  0.0000E+00
  0.2110E+04  0.0000E+00  0.0000E+00
  0.2115E+04  0.0000E+00  0.0000E+00
  0.2120E+04  0.0000E+00  0.0000E+00
  0.2125E+04  0.0000E+00  0.0000E+00
  0.2130E+04  0.0000E+00  0.0000E+00
  0.2135E+04  0.0000E+00  0.0000E+00
  0.2140E+04  0.0000E+00  0.0000E+00
  0.2145E+04  0.0000E+00  0.0000E+00
  0.2150E+04  0.0000E+00  0.0000E+00
  0.2155E+04  0.0000E+00  0.0000E+00
  0.2160E+04  0.0000E+00  0.0000E+00
  0.2165E+04  0.0000E+00  0.0000E+00
  0.2170E+04  0.0000E+00  0.0000E+00
  0.2175E+04  0.0000E+00  0.0000E+00
  0.2180E+04  0.0000E+00  0.0000E+00
  0.2185E+04  0.0000E+00  0.0000E+00
  0.2190E+04  0.0000E+00  0.0000E+00
  0.2195E+04  0.0000E+00  0.0000E+00
  0.2200E+04  0.0000E+00  0.0000E+00
                   
   Partial-wave = P33
   W (MeV)   < MB (nf)|T| MB (ni) > 
  0.1690E+04  0.0000E+00  0.0000E+00
  0.1695E+04  0.0000E+00  0.0000E+00
  0.1700E+04  0.0000E+00  0.0000E+00
  0.1705E+04  0.0000E+00  0.0000E+00
  0.1710E+04  0.0000E+00  0.0000E+00
  0.1715E+04  0.0000E+00  0.0000E+00
  0.1720E+04  0.0000E+00  0.0000E+00
  0.1725E+04  0.0000E+00  0.0000E+00
  0.1730E+04  0.0000E+00  0.0000E+00
  0.1735E+04  0.0000E+00  0.0000E+00
  0.1740E+04  0.0000E+00  0.0000E+00
  0.1745E+04  0.0000E+00  0.0000E+00
  0.1750E+04  0.0000E+00  0.0000E+00
  0.1755E+04  0.0000E+00  0.0000E+00
  0.1760E+04  0.0000E+00  0.0000E+00
  0.1765E+04  0.0000E+00  0.0000E+00
  0.1770E+04  0.0000E+00  0.0000E+00
  0.1775E+04  0.0000E+00  0.0000E+00
  0.1780E+04  0.0000E+00  0.0000E+00
  0.1785E+04  0.0000E+00  0.0000E+00
  0.1790E+04  0.0000E+00  0.0000E+00
  0.1795E+04  0.0000E+00  0.0000E+00
  0.1800E+04  0.0000E+00  0.0000E+00
  0.1805E+04  0.0000E+00  0.0000E+00
  0.1810E+04  0.0000E+00  0.0000E+00
  0.1815E+04  0.0000E+00  0.0000E+00
  0.1820E+04  0.0000E+00  0.0000E+00
  0.1825E+04  0.0000E+00  0.0000E+00
  0.1830E+04  0.0000E+00  0.0000E+00
  0.1835E+04  0.0000E+00  0.0000E+00
  0.1840E+04  0.0000E+00  0.0000E+00
  0.1845E+04  0.0000E+00  0.0000E+00
  0.1850E+04  0.0000E+00  0.0000E+00
  0.1855E+04  0.0000E+00  0.0000E+00
  0.1860E+04  0.0000E+00  0.0000E+00
  0.1865E+04  0.0000E+00  0.0000E+00
  0.1870E+04  0.0000E+00  0.0000E+00
  0.1875E+04  0.0000E+00  0.0000E+00
  0.1880E+04  0.0000E+00  0.0000E+00
  0.1885E+04  0.0000E+00  0.0000E+00
  0.1890E+04  0.0000E+00  0.0000E+00
  0.1895E+04  0.0000E+00  0.0000E+00
  0.1900E+04  0.0000E+00  0.0000E+00
  0.1905E+04  0.0000E+00  0.0000E+00
  0.1910E+04  0.0000E+00  0.0000E+00
  0.1915E+04  0.0000E+00  0.0000E+00
  0.1920E+04  0.0000E+00  0.0000E+00
  0.1925E+04  0.0000E+00  0.0000E+00
  0.1930E+04  0.0000E+00  0.0000E+00
  0.1935E+04  0.0000E+00  0.0000E+00
  0.1940E+04  0.0000E+00  0.0000E+00
  0.1945E+04  0.0000E+00  0.0000E+00
  0.1950E+04  0.0000E+00  0.0000E+00
  0.1955E+04  0.0000E+00  0.0000E+00
  0.1960E+04  0.0000E+00  0.0000E+00
  0.1965E+04  0.0000E+00  0.0000E+00
  0.1970E+04  0.0000E+00  0.0000E+00
  0.1975E+04  0.0000E+00  0.0000E+00
  0.1980E+04  0.0000E+00  0.0000E+00
  0.1985E+04  0.0000E+00  0.0000E+00
  0.1990E+04  0.0000E+00  0.0000E+00
  0.1995E+04  0.0000E+00  0.0000E+00
  0.2000E+04  0.0000E+00  0.0000E+00
  0.2005E+04  0.0000E+00  0.0000E+00
  0.2010E+04  0.0000E+00  0.0000E+00
  0.2015E+04  0.0000E+00  0.0000E+00
  0.2020E+04  0.0000E+00  0.0000E+00
  0.2025E+04  0.0000E+00  0.0000E+00
  0.2030E+04  0.0000E+00  0.0000E+00
  0.2035E+04  0.0000E+00  0.0000E+00
  0.2040E+04  0.0000E+00  0.0000E+00
  0.2045E+04  0.0000E+00  0.0000E+00
  0.2050E+04  0.0000E+00  0.0000E+00
  0.2055E+04  0.0000E+00  0.0000E+00
  0.2060E+04  0.0000E+00  0.0000E+00
  0.2065E+04  0.0000E+00  0.0000E+00
  0.2070E+04  0.0000E+00  0.0000E+00
  0.2075E+04  0.0000E+00  0.0000E+00
  0.2080E+04  0.0000E+00  0.0000E+00
  0.2085E+04  0.0000E+00  0.0000E+00
  0.2090E+04  0.0000E+00  0.0000E+00
  0.2095E+04  0.0000E+00  0.0000E+00
  0.2100E+04  0.0000E+00  0.0000E+00
  0.2105E+04  0.0000E+00  0.0000E+00
  0.2110E+04  0.0000E+00  0.0000E+00
  0.2115E+04  0.0000E+00  0.0000E+00
  0.2120E+04  0.0000E+00  0.0000E+00
  0.2125E+04  0.0000E+00  0.0000E+00
  0.2130E+04  0.0000E+00  0.0000E+00
  0.2135E+04  0.0000E+00  0.0000E+00
  0.2140E+04  0.0000E+00  0.0000E+00
  0.2145E+04  0.0000E+00  0.0000E+00
  0.2150E+04  0.0000E+00  0.0000E+00
  0.2155E+04  0.0000E+00  0.0000E+00
  0.2160E+04  0.0000E+00  0.0000E+00
  0.2165E+04  0.0000E+00  0.0000E+00
  0.2170E+04  0.0000E+00  0.0000E+00
  0.2175E+04  0.0000E+00  0.0000E+00
  0.2180E+04  0.0000E+00  0.0000E+00
  0.2185E+04  0.0000E+00  0.0000E+00
  0.2190E+04  0.0000E+00  0.0000E+00
  0.2195E+04  0.0000E+00  0.0000E+00
  0.2200E+04  0.0000E+00  0.0000E+00
                   
   Partial-wave = D13
   W (MeV)   < MB (nf)|T| MB (ni) > 
  0.1690E+04 -0.1307E-03 -0.4699E-04
  0.1695E+04 -0.6077E-03 -0.2236E-03
  0.1700E+04 -0.1158E-02 -0.4363E-03
  0.1705E+04 -0.1740E-02 -0.6714E-03
  0.1710E+04 -0.2336E-02 -0.9235E-03
  0.1715E+04 -0.2937E-02 -0.1189E-02
  0.1720E+04 -0.3535E-02 -0.1467E-02
  0.1725E+04 -0.4127E-02 -0.1755E-02
  0.1730E+04 -0.4710E-02 -0.2053E-02
  0.1735E+04 -0.5282E-02 -0.2358E-02
  0.1740E+04 -0.5840E-02 -0.2670E-02
  0.1745E+04 -0.6385E-02 -0.2988E-02
  0.1750E+04 -0.6915E-02 -0.3311E-02
  0.1755E+04 -0.7431E-02 -0.3637E-02
  0.1760E+04 -0.7931E-02 -0.3967E-02
  0.1765E+04 -0.8418E-02 -0.4299E-02
  0.1770E+04 -0.8890E-02 -0.4632E-02
  0.1775E+04 -0.9349E-02 -0.4966E-02
  0.1780E+04 -0.9795E-02 -0.5301E-02
  0.1785E+04 -0.1023E-01 -0.5637E-02
  0.1790E+04 -0.1065E-01 -0.5972E-02
  0.1795E+04 -0.1106E-01 -0.6308E-02
  0.1800E+04 -0.1146E-01 -0.6644E-02
  0.1805E+04 -0.1185E-01 -0.6980E-02
  0.1810E+04 -0.1223E-01 -0.7316E-02
  0.1815E+04 -0.1260E-01 -0.7652E-02
  0.1820E+04 -0.1295E-01 -0.7989E-02
  0.1825E+04 -0.1330E-01 -0.8326E-02
  0.1830E+04 -0.1364E-01 -0.8662E-02
  0.1835E+04 -0.1397E-01 -0.8999E-02
  0.1840E+04 -0.1429E-01 -0.9335E-02
  0.1845E+04 -0.1460E-01 -0.9671E-02
  0.1850E+04 -0.1490E-01 -0.1001E-01
  0.1855E+04 -0.1520E-01 -0.1034E-01
  0.1860E+04 -0.1548E-01 -0.1067E-01
  0.1865E+04 -0.1575E-01 -0.1100E-01
  0.1870E+04 -0.1602E-01 -0.1133E-01
  0.1875E+04 -0.1628E-01 -0.1165E-01
  0.1880E+04 -0.1652E-01 -0.1197E-01
  0.1885E+04 -0.1677E-01 -0.1229E-01
  0.1890E+04 -0.1700E-01 -0.1261E-01
  0.1895E+04 -0.1723E-01 -0.1292E-01
  0.1900E+04 -0.1745E-01 -0.1323E-01
  0.1905E+04 -0.1767E-01 -0.1353E-01
  0.1910E+04 -0.1787E-01 -0.1384E-01
  0.1915E+04 -0.1808E-01 -0.1413E-01
  0.1920E+04 -0.1828E-01 -0.1443E-01
  0.1925E+04 -0.1847E-01 -0.1472E-01
  0.1930E+04 -0.1866E-01 -0.1501E-01
  0.1935E+04 -0.1884E-01 -0.1530E-01
  0.1940E+04 -0.1902E-01 -0.1559E-01
  0.1945E+04 -0.1920E-01 -0.1587E-01
  0.1950E+04 -0.1936E-01 -0.1615E-01
  0.1955E+04 -0.1953E-01 -0.1643E-01
  0.1960E+04 -0.1969E-01 -0.1670E-01
  0.1965E+04 -0.1984E-01 -0.1698E-01
  0.1970E+04 -0.1999E-01 -0.1725E-01
  0.1975E+04 -0.2013E-01 -0.1752E-01
  0.1980E+04 -0.2027E-01 -0.1779E-01
  0.1985E+04 -0.2040E-01 -0.1805E-01
  0.1990E+04 -0.2053E-01 -0.1832E-01
  0.1995E+04 -0.2065E-01 -0.1858E-01
  0.2000E+04 -0.2077E-01 -0.1884E-01
  0.2005E+04 -0.2087E-01 -0.1910E-01
  0.2010E+04 -0.2098E-01 -0.1936E-01
  0.2015E+04 -0.2107E-01 -0.1961E-01
  0.2020E+04 -0.2116E-01 -0.1986E-01
  0.2025E+04 -0.2123E-01 -0.2011E-01
  0.2030E+04 -0.2130E-01 -0.2036E-01
  0.2035E+04 -0.2136E-01 -0.2060E-01
  0.2040E+04 -0.2142E-01 -0.2084E-01
  0.2045E+04 -0.2146E-01 -0.2107E-01
  0.2050E+04 -0.2149E-01 -0.2130E-01
  0.2055E+04 -0.2152E-01 -0.2152E-01
  0.2060E+04 -0.2153E-01 -0.2174E-01
  0.2065E+04 -0.2153E-01 -0.2194E-01
  0.2070E+04 -0.2153E-01 -0.2214E-01
  0.2075E+04 -0.2152E-01 -0.2233E-01
  0.2080E+04 -0.2150E-01 -0.2250E-01
  0.2085E+04 -0.2147E-01 -0.2267E-01
  0.2090E+04 -0.2143E-01 -0.2282E-01
  0.2095E+04 -0.2139E-01 -0.2296E-01
  0.2100E+04 -0.2134E-01 -0.2309E-01
  0.2105E+04 -0.2130E-01 -0.2320E-01
  0.2110E+04 -0.2124E-01 -0.2329E-01
  0.2115E+04 -0.2119E-01 -0.2338E-01
  0.2120E+04 -0.2114E-01 -0.2344E-01
  0.2125E+04 -0.2109E-01 -0.2350E-01
  0.2130E+04 -0.2105E-01 -0.2354E-01
  0.2135E+04 -0.2100E-01 -0.2356E-01
  0.2140E+04 -0.2097E-01 -0.2358E-01
  0.2145E+04 -0.2094E-01 -0.2358E-01
  0.2150E+04 -0.2092E-01 -0.2358E-01
  0.2155E+04 -0.2091E-01 -0.2356E-01
  0.2160E+04 -0.2090E-01 -0.2354E-01
  0.2165E+04 -0.2091E-01 -0.2351E-01
  0.2170E+04 -0.2092E-01 -0.2347E-01
  0.2175E+04 -0.2095E-01 -0.2343E-01
  0.2180E+04 -0.2099E-01 -0.2339E-01
  0.2185E+04 -0.2104E-01 -0.2335E-01
  0.2190E+04 -0.2109E-01 -0.2331E-01
  0.2195E+04 -0.2116E-01 -0.2327E-01
  0.2200E+04 -0.2123E-01 -0.2323E-01
                   
   Partial-wave = D15
   W (MeV)   < MB (nf)|T| MB (ni) > 
  0.1690E+04 -0.1065E-03 -0.1172E-04
  0.1695E+04 -0.4937E-03 -0.5368E-04
  0.1700E+04 -0.9388E-03 -0.1003E-03
  0.1705E+04 -0.1408E-02 -0.1473E-03
  0.1710E+04 -0.1889E-02 -0.1927E-03
  0.1715E+04 -0.2373E-02 -0.2357E-03
  0.1720E+04 -0.2857E-02 -0.2757E-03
  0.1725E+04 -0.3338E-02 -0.3127E-03
  0.1730E+04 -0.3815E-02 -0.3467E-03
  0.1735E+04 -0.4286E-02 -0.3777E-03
  0.1740E+04 -0.4751E-02 -0.4062E-03
  0.1745E+04 -0.5209E-02 -0.4322E-03
  0.1750E+04 -0.5660E-02 -0.4561E-03
  0.1755E+04 -0.6104E-02 -0.4781E-03
  0.1760E+04 -0.6541E-02 -0.4985E-03
  0.1765E+04 -0.6969E-02 -0.5176E-03
  0.1770E+04 -0.7391E-02 -0.5355E-03
  0.1775E+04 -0.7805E-02 -0.5525E-03
  0.1780E+04 -0.8211E-02 -0.5688E-03
  0.1785E+04 -0.8611E-02 -0.5845E-03
  0.1790E+04 -0.9003E-02 -0.5998E-03
  0.1795E+04 -0.9387E-02 -0.6148E-03
  0.1800E+04 -0.9765E-02 -0.6296E-03
  0.1805E+04 -0.1014E-01 -0.6443E-03
  0.1810E+04 -0.1050E-01 -0.6589E-03
  0.1815E+04 -0.1086E-01 -0.6736E-03
  0.1820E+04 -0.1121E-01 -0.6884E-03
  0.1825E+04 -0.1155E-01 -0.7033E-03
  0.1830E+04 -0.1189E-01 -0.7184E-03
  0.1835E+04 -0.1222E-01 -0.7338E-03
  0.1840E+04 -0.1255E-01 -0.7495E-03
  0.1845E+04 -0.1287E-01 -0.7656E-03
  0.1850E+04 -0.1319E-01 -0.7820E-03
  0.1855E+04 -0.1350E-01 -0.7990E-03
  0.1860E+04 -0.1380E-01 -0.8165E-03
  0.1865E+04 -0.1410E-01 -0.8347E-03
  0.1870E+04 -0.1439E-01 -0.8534E-03
  0.1875E+04 -0.1468E-01 -0.8728E-03
  0.1880E+04 -0.1497E-01 -0.8930E-03
  0.1885E+04 -0.1525E-01 -0.9139E-03
  0.1890E+04 -0.1552E-01 -0.9355E-03
  0.1895E+04 -0.1579E-01 -0.9580E-03
  0.1900E+04 -0.1606E-01 -0.9812E-03
  0.1905E+04 -0.1632E-01 -0.1005E-02
  0.1910E+04 -0.1657E-01 -0.1030E-02
  0.1915E+04 -0.1683E-01 -0.1055E-02
  0.1920E+04 -0.1707E-01 -0.1081E-02
  0.1925E+04 -0.1732E-01 -0.1108E-02
  0.1930E+04 -0.1756E-01 -0.1136E-02
  0.1935E+04 -0.1779E-01 -0.1163E-02
  0.1940E+04 -0.1802E-01 -0.1192E-02
  0.1945E+04 -0.1825E-01 -0.1220E-02
  0.1950E+04 -0.1847E-01 -0.1249E-02
  0.1955E+04 -0.1869E-01 -0.1279E-02
  0.1960E+04 -0.1891E-01 -0.1308E-02
  0.1965E+04 -0.1912E-01 -0.1338E-02
  0.1970E+04 -0.1933E-01 -0.1367E-02
  0.1975E+04 -0.1953E-01 -0.1397E-02
  0.1980E+04 -0.1973E-01 -0.1427E-02
  0.1985E+04 -0.1993E-01 -0.1457E-02
  0.1990E+04 -0.2013E-01 -0.1486E-02
  0.1995E+04 -0.2032E-01 -0.1516E-02
  0.2000E+04 -0.2051E-01 -0.1545E-02
  0.2005E+04 -0.2069E-01 -0.1575E-02
  0.2010E+04 -0.2088E-01 -0.1604E-02
  0.2015E+04 -0.2106E-01 -0.1633E-02
  0.2020E+04 -0.2124E-01 -0.1662E-02
  0.2025E+04 -0.2141E-01 -0.1691E-02
  0.2030E+04 -0.2159E-01 -0.1719E-02
  0.2035E+04 -0.2176E-01 -0.1748E-02
  0.2040E+04 -0.2193E-01 -0.1776E-02
  0.2045E+04 -0.2209E-01 -0.1804E-02
  0.2050E+04 -0.2226E-01 -0.1831E-02
  0.2055E+04 -0.2242E-01 -0.1859E-02
  0.2060E+04 -0.2258E-01 -0.1886E-02
  0.2065E+04 -0.2273E-01 -0.1913E-02
  0.2070E+04 -0.2289E-01 -0.1939E-02
  0.2075E+04 -0.2304E-01 -0.1966E-02
  0.2080E+04 -0.2320E-01 -0.1991E-02
  0.2085E+04 -0.2335E-01 -0.2017E-02
  0.2090E+04 -0.2350E-01 -0.2042E-02
  0.2095E+04 -0.2364E-01 -0.2066E-02
  0.2100E+04 -0.2379E-01 -0.2090E-02
  0.2105E+04 -0.2393E-01 -0.2113E-02
  0.2110E+04 -0.2407E-01 -0.2135E-02
  0.2115E+04 -0.2422E-01 -0.2157E-02
  0.2120E+04 -0.2436E-01 -0.2179E-02
  0.2125E+04 -0.2449E-01 -0.2199E-02
  0.2130E+04 -0.2463E-01 -0.2219E-02
  0.2135E+04 -0.2477E-01 -0.2238E-02
  0.2140E+04 -0.2491E-01 -0.2257E-02
  0.2145E+04 -0.2504E-01 -0.2275E-02
  0.2150E+04 -0.2518E-01 -0.2292E-02
  0.2155E+04 -0.2531E-01 -0.2309E-02
  0.2160E+04 -0.2545E-01 -0.2325E-02
  0.2165E+04 -0.2558E-01 -0.2342E-02
  0.2170E+04 -0.2572E-01 -0.2358E-02
  0.2175E+04 -0.2585E-01 -0.2374E-02
  0.2180E+04 -0.2599E-01 -0.2390E-02
  0.2185E+04 -0.2612E-01 -0.2406E-02
  0.2190E+04 -0.2626E-01 -0.2423E-02
  0.2195E+04 -0.2639E-01 -0.2441E-02
  0.2200E+04 -0.2653E-01 -0.2459E-02
                   
   Partial-wave = D33
   W (MeV)   < MB (nf)|T| MB (ni) > 
  0.1690E+04  0.0000E+00  0.0000E+00
  0.1695E+04  0.0000E+00  0.0000E+00
  0.1700E+04  0.0000E+00  0.0000E+00
  0.1705E+04  0.0000E+00  0.0000E+00
  0.1710E+04  0.0000E+00  0.0000E+00
  0.1715E+04  0.0000E+00  0.0000E+00
  0.1720E+04  0.0000E+00  0.0000E+00
  0.1725E+04  0.0000E+00  0.0000E+00
  0.1730E+04  0.0000E+00  0.0000E+00
  0.1735E+04  0.0000E+00  0.0000E+00
  0.1740E+04  0.0000E+00  0.0000E+00
  0.1745E+04  0.0000E+00  0.0000E+00
  0.1750E+04  0.0000E+00  0.0000E+00
  0.1755E+04  0.0000E+00  0.0000E+00
  0.1760E+04  0.0000E+00  0.0000E+00
  0.1765E+04  0.0000E+00  0.0000E+00
  0.1770E+04  0.0000E+00  0.0000E+00
  0.1775E+04  0.0000E+00  0.0000E+00
  0.1780E+04  0.0000E+00  0.0000E+00
  0.1785E+04  0.0000E+00  0.0000E+00
  0.1790E+04  0.0000E+00  0.0000E+00
  0.1795E+04  0.0000E+00  0.0000E+00
  0.1800E+04  0.0000E+00  0.0000E+00
  0.1805E+04  0.0000E+00  0.0000E+00
  0.1810E+04  0.0000E+00  0.0000E+00
  0.1815E+04  0.0000E+00  0.0000E+00
  0.1820E+04  0.0000E+00  0.0000E+00
  0.1825E+04  0.0000E+00  0.0000E+00
  0.1830E+04  0.0000E+00  0.0000E+00
  0.1835E+04  0.0000E+00  0.0000E+00
  0.1840E+04  0.0000E+00  0.0000E+00
  0.1845E+04  0.0000E+00  0.0000E+00
  0.1850E+04  0.0000E+00  0.0000E+00
  0.1855E+04  0.0000E+00  0.0000E+00
  0.1860E+04  0.0000E+00  0.0000E+00
  0.1865E+04  0.0000E+00  0.0000E+00
  0.1870E+04  0.0000E+00  0.0000E+00
  0.1875E+04  0.0000E+00  0.0000E+00
  0.1880E+04  0.0000E+00  0.0000E+00
  0.1885E+04  0.0000E+00  0.0000E+00
  0.1890E+04  0.0000E+00  0.0000E+00
  0.1895E+04  0.0000E+00  0.0000E+00
  0.1900E+04  0.0000E+00  0.0000E+00
  0.1905E+04  0.0000E+00  0.0000E+00
  0.1910E+04  0.0000E+00  0.0000E+00
  0.1915E+04  0.0000E+00  0.0000E+00
  0.1920E+04  0.0000E+00  0.0000E+00
  0.1925E+04  0.0000E+00  0.0000E+00
  0.1930E+04  0.0000E+00  0.0000E+00
  0.1935E+04  0.0000E+00  0.0000E+00
  0.1940E+04  0.0000E+00  0.0000E+00
  0.1945E+04  0.0000E+00  0.0000E+00
  0.1950E+04  0.0000E+00  0.0000E+00
  0.1955E+04  0.0000E+00  0.0000E+00
  0.1960E+04  0.0000E+00  0.0000E+00
  0.1965E+04  0.0000E+00  0.0000E+00
  0.1970E+04  0.0000E+00  0.0000E+00
  0.1975E+04  0.0000E+00  0.0000E+00
  0.1980E+04  0.0000E+00  0.0000E+00
  0.1985E+04  0.0000E+00  0.0000E+00
  0.1990E+04  0.0000E+00  0.0000E+00
  0.1995E+04  0.0000E+00  0.0000E+00
  0.2000E+04  0.0000E+00  0.0000E+00
  0.2005E+04  0.0000E+00  0.0000E+00
  0.2010E+04  0.0000E+00  0.0000E+00
  0.2015E+04  0.0000E+00  0.0000E+00
  0.2020E+04  0.0000E+00  0.0000E+00
  0.2025E+04  0.0000E+00  0.0000E+00
  0.2030E+04  0.0000E+00  0.0000E+00
  0.2035E+04  0.0000E+00  0.0000E+00
  0.2040E+04  0.0000E+00  0.0000E+00
  0.2045E+04  0.0000E+00  0.0000E+00
  0.2050E+04  0.0000E+00  0.0000E+00
  0.2055E+04  0.0000E+00  0.0000E+00
  0.2060E+04  0.0000E+00  0.0000E+00
  0.2065E+04  0.0000E+00  0.0000E+00
  0.2070E+04  0.0000E+00  0.0000E+00
  0.2075E+04  0.0000E+00  0.0000E+00
  0.2080E+04  0.0000E+00  0.0000E+00
  0.2085E+04  0.0000E+00  0.0000E+00
  0.2090E+04  0.0000E+00  0.0000E+00
  0.2095E+04  0.0000E+00  0.0000E+00
  0.2100E+04  0.0000E+00  0.0000E+00
  0.2105E+04  0.0000E+00  0.0000E+00
  0.2110E+04  0.0000E+00  0.0000E+00
  0.2115E+04  0.0000E+00  0.0000E+00
  0.2120E+04  0.0000E+00  0.0000E+00
  0.2125E+04  0.0000E+00  0.0000E+00
  0.2130E+04  0.0000E+00  0.0000E+00
  0.2135E+04  0.0000E+00  0.0000E+00
  0.2140E+04  0.0000E+00  0.0000E+00
  0.2145E+04  0.0000E+00  0.0000E+00
  0.2150E+04  0.0000E+00  0.0000E+00
  0.2155E+04  0.0000E+00  0.0000E+00
  0.2160E+04  0.0000E+00  0.0000E+00
  0.2165E+04  0.0000E+00  0.0000E+00
  0.2170E+04  0.0000E+00  0.0000E+00
  0.2175E+04  0.0000E+00  0.0000E+00
  0.2180E+04  0.0000E+00  0.0000E+00
  0.2185E+04  0.0000E+00  0.0000E+00
  0.2190E+04  0.0000E+00  0.0000E+00
  0.2195E+04  0.0000E+00  0.0000E+00
  0.2200E+04  0.0000E+00  0.0000E+00
                   
   Partial-wave = D35
   W (MeV)   < MB (nf)|T| MB (ni) > 
  0.1690E+04  0.0000E+00  0.0000E+00
  0.1695E+04  0.0000E+00  0.0000E+00
  0.1700E+04  0.0000E+00  0.0000E+00
  0.1705E+04  0.0000E+00  0.0000E+00
  0.1710E+04  0.0000E+00  0.0000E+00
  0.1715E+04  0.0000E+00  0.0000E+00
  0.1720E+04  0.0000E+00  0.0000E+00
  0.1725E+04  0.0000E+00  0.0000E+00
  0.1730E+04  0.0000E+00  0.0000E+00
  0.1735E+04  0.0000E+00  0.0000E+00
  0.1740E+04  0.0000E+00  0.0000E+00
  0.1745E+04  0.0000E+00  0.0000E+00
  0.1750E+04  0.0000E+00  0.0000E+00
  0.1755E+04  0.0000E+00  0.0000E+00
  0.1760E+04  0.0000E+00  0.0000E+00
  0.1765E+04  0.0000E+00  0.0000E+00
  0.1770E+04  0.0000E+00  0.0000E+00
  0.1775E+04  0.0000E+00  0.0000E+00
  0.1780E+04  0.0000E+00  0.0000E+00
  0.1785E+04  0.0000E+00  0.0000E+00
  0.1790E+04  0.0000E+00  0.0000E+00
  0.1795E+04  0.0000E+00  0.0000E+00
  0.1800E+04  0.0000E+00  0.0000E+00
  0.1805E+04  0.0000E+00  0.0000E+00
  0.1810E+04  0.0000E+00  0.0000E+00
  0.1815E+04  0.0000E+00  0.0000E+00
  0.1820E+04  0.0000E+00  0.0000E+00
  0.1825E+04  0.0000E+00  0.0000E+00
  0.1830E+04  0.0000E+00  0.0000E+00
  0.1835E+04  0.0000E+00  0.0000E+00
  0.1840E+04  0.0000E+00  0.0000E+00
  0.1845E+04  0.0000E+00  0.0000E+00
  0.1850E+04  0.0000E+00  0.0000E+00
  0.1855E+04  0.0000E+00  0.0000E+00
  0.1860E+04  0.0000E+00  0.0000E+00
  0.1865E+04  0.0000E+00  0.0000E+00
  0.1870E+04  0.0000E+00  0.0000E+00
  0.1875E+04  0.0000E+00  0.0000E+00
  0.1880E+04  0.0000E+00  0.0000E+00
  0.1885E+04  0.0000E+00  0.0000E+00
  0.1890E+04  0.0000E+00  0.0000E+00
  0.1895E+04  0.0000E+00  0.0000E+00
  0.1900E+04  0.0000E+00  0.0000E+00
  0.1905E+04  0.0000E+00  0.0000E+00
  0.1910E+04  0.0000E+00  0.0000E+00
  0.1915E+04  0.0000E+00  0.0000E+00
  0.1920E+04  0.0000E+00  0.0000E+00
  0.1925E+04  0.0000E+00  0.0000E+00
  0.1930E+04  0.0000E+00  0.0000E+00
  0.1935E+04  0.0000E+00  0.0000E+00
  0.1940E+04  0.0000E+00  0.0000E+00
  0.1945E+04  0.0000E+00  0.0000E+00
  0.1950E+04  0.0000E+00  0.0000E+00
  0.1955E+04  0.0000E+00  0.0000E+00
  0.1960E+04  0.0000E+00  0.0000E+00
  0.1965E+04  0.0000E+00  0.0000E+00
  0.1970E+04  0.0000E+00  0.0000E+00
  0.1975E+04  0.0000E+00  0.0000E+00
  0.1980E+04  0.0000E+00  0.0000E+00
  0.1985E+04  0.0000E+00  0.0000E+00
  0.1990E+04  0.0000E+00  0.0000E+00
  0.1995E+04  0.0000E+00  0.0000E+00
  0.2000E+04  0.0000E+00  0.0000E+00
  0.2005E+04  0.0000E+00  0.0000E+00
  0.2010E+04  0.0000E+00  0.0000E+00
  0.2015E+04  0.0000E+00  0.0000E+00
  0.2020E+04  0.0000E+00  0.0000E+00
  0.2025E+04  0.0000E+00  0.0000E+00
  0.2030E+04  0.0000E+00  0.0000E+00
  0.2035E+04  0.0000E+00  0.0000E+00
  0.2040E+04  0.0000E+00  0.0000E+00
  0.2045E+04  0.0000E+00  0.0000E+00
  0.2050E+04  0.0000E+00  0.0000E+00
  0.2055E+04  0.0000E+00  0.0000E+00
  0.2060E+04  0.0000E+00  0.0000E+00
  0.2065E+04  0.0000E+00  0.0000E+00
  0.2070E+04  0.0000E+00  0.0000E+00
  0.2075E+04  0.0000E+00  0.0000E+00
  0.2080E+04  0.0000E+00  0.0000E+00
  0.2085E+04  0.0000E+00  0.0000E+00
  0.2090E+04  0.0000E+00  0.0000E+00
  0.2095E+04  0.0000E+00  0.0000E+00
  0.2100E+04  0.0000E+00  0.0000E+00
  0.2105E+04  0.0000E+00  0.0000E+00
  0.2110E+04  0.0000E+00  0.0000E+00
  0.2115E+04  0.0000E+00  0.0000E+00
  0.2120E+04  0.0000E+00  0.0000E+00
  0.2125E+04  0.0000E+00  0.0000E+00
  0.2130E+04  0.0000E+00  0.0000E+00
  0.2135E+04  0.0000E+00  0.0000E+00
  0.2140E+04  0.0000E+00  0.0000E+00
  0.2145E+04  0.0000E+00  0.0000E+00
  0.2150E+04  0.0000E+00  0.0000E+00
  0.2155E+04  0.0000E+00  0.0000E+00
  0.2160E+04  0.0000E+00  0.0000E+00
  0.2165E+04  0.0000E+00  0.0000E+00
  0.2170E+04  0.0000E+00  0.0000E+00
  0.2175E+04  0.0000E+00  0.0000E+00
  0.2180E+04  0.0000E+00  0.0000E+00
  0.2185E+04  0.0000E+00  0.0000E+00
  0.2190E+04  0.0000E+00  0.0000E+00
  0.2195E+04  0.0000E+00  0.0000E+00
  0.2200E+04  0.0000E+00  0.0000E+00
                   
   Partial-wave = F15
   W (MeV)   < MB (nf)|T| MB (ni) > 
  0.1690E+04 -0.1067E-04  0.1152E-06
  0.1695E+04 -0.9309E-04  0.1013E-05
  0.1700E+04 -0.2329E-03  0.2533E-05
  0.1705E+04 -0.4174E-03  0.4507E-05
  0.1710E+04 -0.6388E-03  0.6815E-05
  0.1715E+04 -0.8912E-03  0.9362E-05
  0.1720E+04 -0.1170E-02  0.1208E-04
  0.1725E+04 -0.1471E-02  0.1490E-04
  0.1730E+04 -0.1792E-02  0.1779E-04
  0.1735E+04 -0.2129E-02  0.2072E-04
  0.1740E+04 -0.2481E-02  0.2365E-04
  0.1745E+04 -0.2845E-02  0.2655E-04
  0.1750E+04 -0.3220E-02  0.2941E-04
  0.1755E+04 -0.3603E-02  0.3219E-04
  0.1760E+04 -0.3994E-02  0.3489E-04
  0.1765E+04 -0.4392E-02  0.3746E-04
  0.1770E+04 -0.4795E-02  0.3988E-04
  0.1775E+04 -0.5202E-02  0.4213E-04
  0.1780E+04 -0.5613E-02  0.4417E-04
  0.1785E+04 -0.6026E-02  0.4598E-04
  0.1790E+04 -0.6442E-02  0.4752E-04
  0.1795E+04 -0.6859E-02  0.4877E-04
  0.1800E+04 -0.7277E-02  0.4968E-04
  0.1805E+04 -0.7695E-02  0.5024E-04
  0.1810E+04 -0.8114E-02  0.5041E-04
  0.1815E+04 -0.8532E-02  0.5016E-04
  0.1820E+04 -0.8950E-02  0.4946E-04
  0.1825E+04 -0.9367E-02  0.4829E-04
  0.1830E+04 -0.9783E-02  0.4659E-04
  0.1835E+04 -0.1020E-01  0.4435E-04
  0.1840E+04 -0.1061E-01  0.4153E-04
  0.1845E+04 -0.1102E-01  0.3808E-04
  0.1850E+04 -0.1143E-01  0.3397E-04
  0.1855E+04 -0.1184E-01  0.2916E-04
  0.1860E+04 -0.1224E-01  0.2359E-04
  0.1865E+04 -0.1264E-01  0.1723E-04
  0.1870E+04 -0.1304E-01  0.1001E-04
  0.1875E+04 -0.1344E-01  0.1902E-05
  0.1880E+04 -0.1384E-01 -0.7159E-05
  0.1885E+04 -0.1423E-01 -0.1722E-04
  0.1890E+04 -0.1462E-01 -0.2832E-04
  0.1895E+04 -0.1501E-01 -0.4052E-04
  0.1900E+04 -0.1539E-01 -0.5384E-04
  0.1905E+04 -0.1577E-01 -0.6833E-04
  0.1910E+04 -0.1615E-01 -0.8401E-04
  0.1915E+04 -0.1653E-01 -0.1009E-03
  0.1920E+04 -0.1690E-01 -0.1191E-03
  0.1925E+04 -0.1727E-01 -0.1385E-03
  0.1930E+04 -0.1763E-01 -0.1591E-03
  0.1935E+04 -0.1800E-01 -0.1810E-03
  0.1940E+04 -0.1836E-01 -0.2042E-03
  0.1945E+04 -0.1871E-01 -0.2286E-03
  0.1950E+04 -0.1907E-01 -0.2543E-03
  0.1955E+04 -0.1942E-01 -0.2812E-03
  0.1960E+04 -0.1977E-01 -0.3093E-03
  0.1965E+04 -0.2011E-01 -0.3386E-03
  0.1970E+04 -0.2045E-01 -0.3692E-03
  0.1975E+04 -0.2079E-01 -0.4009E-03
  0.1980E+04 -0.2113E-01 -0.4339E-03
  0.1985E+04 -0.2146E-01 -0.4681E-03
  0.1990E+04 -0.2179E-01 -0.5036E-03
  0.1995E+04 -0.2212E-01 -0.5403E-03
  0.2000E+04 -0.2244E-01 -0.5784E-03
  0.2005E+04 -0.2276E-01 -0.6177E-03
  0.2010E+04 -0.2308E-01 -0.6585E-03
  0.2015E+04 -0.2340E-01 -0.7006E-03
  0.2020E+04 -0.2371E-01 -0.7441E-03
  0.2025E+04 -0.2402E-01 -0.7892E-03
  0.2030E+04 -0.2433E-01 -0.8357E-03
  0.2035E+04 -0.2464E-01 -0.8838E-03
  0.2040E+04 -0.2494E-01 -0.9334E-03
  0.2045E+04 -0.2524E-01 -0.9846E-03
  0.2050E+04 -0.2553E-01 -0.1038E-02
  0.2055E+04 -0.2583E-01 -0.1092E-02
  0.2060E+04 -0.2612E-01 -0.1148E-02
  0.2065E+04 -0.2641E-01 -0.1206E-02
  0.2070E+04 -0.2669E-01 -0.1265E-02
  0.2075E+04 -0.2698E-01 -0.1326E-02
  0.2080E+04 -0.2726E-01 -0.1388E-02
  0.2085E+04 -0.2753E-01 -0.1453E-02
  0.2090E+04 -0.2781E-01 -0.1518E-02
  0.2095E+04 -0.2808E-01 -0.1585E-02
  0.2100E+04 -0.2835E-01 -0.1654E-02
  0.2105E+04 -0.2861E-01 -0.1724E-02
  0.2110E+04 -0.2888E-01 -0.1795E-02
  0.2115E+04 -0.2914E-01 -0.1868E-02
  0.2120E+04 -0.2939E-01 -0.1941E-02
  0.2125E+04 -0.2965E-01 -0.2017E-02
  0.2130E+04 -0.2990E-01 -0.2093E-02
  0.2135E+04 -0.3015E-01 -0.2171E-02
  0.2140E+04 -0.3039E-01 -0.2249E-02
  0.2145E+04 -0.3064E-01 -0.2329E-02
  0.2150E+04 -0.3088E-01 -0.2410E-02
  0.2155E+04 -0.3111E-01 -0.2492E-02
  0.2160E+04 -0.3135E-01 -0.2575E-02
  0.2165E+04 -0.3158E-01 -0.2659E-02
  0.2170E+04 -0.3181E-01 -0.2745E-02
  0.2175E+04 -0.3204E-01 -0.2831E-02
  0.2180E+04 -0.3227E-01 -0.2919E-02
  0.2185E+04 -0.3249E-01 -0.3008E-02
  0.2190E+04 -0.3271E-01 -0.3098E-02
  0.2195E+04 -0.3293E-01 -0.3190E-02
  0.2200E+04 -0.3314E-01 -0.3282E-02
                   
   Partial-wave = F17
   W (MeV)   < MB (nf)|T| MB (ni) > 
  0.1690E+04 -0.5997E-05 -0.8040E-08
  0.1695E+04 -0.5228E-04 -0.7674E-07
  0.1700E+04 -0.1307E-03 -0.2097E-06
  0.1705E+04 -0.2343E-03 -0.4099E-06
  0.1710E+04 -0.3585E-03 -0.6833E-06
  0.1715E+04 -0.5003E-03 -0.1037E-05
  0.1720E+04 -0.6570E-03 -0.1479E-05
  0.1725E+04 -0.8266E-03 -0.2019E-05
  0.1730E+04 -0.1007E-02 -0.2667E-05
  0.1735E+04 -0.1198E-02 -0.3434E-05
  0.1740E+04 -0.1397E-02 -0.4332E-05
  0.1745E+04 -0.1604E-02 -0.5372E-05
  0.1750E+04 -0.1817E-02 -0.6569E-05
  0.1755E+04 -0.2036E-02 -0.7938E-05
  0.1760E+04 -0.2260E-02 -0.9493E-05
  0.1765E+04 -0.2488E-02 -0.1125E-04
  0.1770E+04 -0.2720E-02 -0.1323E-04
  0.1775E+04 -0.2955E-02 -0.1545E-04
  0.1780E+04 -0.3194E-02 -0.1794E-04
  0.1785E+04 -0.3434E-02 -0.2070E-04
  0.1790E+04 -0.3677E-02 -0.2377E-04
  0.1795E+04 -0.3922E-02 -0.2717E-04
  0.1800E+04 -0.4169E-02 -0.3093E-04
  0.1805E+04 -0.4416E-02 -0.3507E-04
  0.1810E+04 -0.4665E-02 -0.3963E-04
  0.1815E+04 -0.4915E-02 -0.4463E-04
  0.1820E+04 -0.5166E-02 -0.5010E-04
  0.1825E+04 -0.5417E-02 -0.5609E-04
  0.1830E+04 -0.5669E-02 -0.6261E-04
  0.1835E+04 -0.5921E-02 -0.6972E-04
  0.1840E+04 -0.6173E-02 -0.7745E-04
  0.1845E+04 -0.6425E-02 -0.8583E-04
  0.1850E+04 -0.6677E-02 -0.9491E-04
  0.1855E+04 -0.6929E-02 -0.1047E-03
  0.1860E+04 -0.7181E-02 -0.1153E-03
  0.1865E+04 -0.7433E-02 -0.1267E-03
  0.1870E+04 -0.7685E-02 -0.1389E-03
  0.1875E+04 -0.7935E-02 -0.1521E-03
  0.1880E+04 -0.8186E-02 -0.1661E-03
  0.1885E+04 -0.8436E-02 -0.1811E-03
  0.1890E+04 -0.8685E-02 -0.1971E-03
  0.1895E+04 -0.8933E-02 -0.2141E-03
  0.1900E+04 -0.9181E-02 -0.2322E-03
  0.1905E+04 -0.9428E-02 -0.2513E-03
  0.1910E+04 -0.9674E-02 -0.2715E-03
  0.1915E+04 -0.9919E-02 -0.2928E-03
  0.1920E+04 -0.1016E-01 -0.3153E-03
  0.1925E+04 -0.1040E-01 -0.3389E-03
  0.1930E+04 -0.1065E-01 -0.3636E-03
  0.1935E+04 -0.1089E-01 -0.3895E-03
  0.1940E+04 -0.1113E-01 -0.4166E-03
  0.1945E+04 -0.1137E-01 -0.4448E-03
  0.1950E+04 -0.1160E-01 -0.4742E-03
  0.1955E+04 -0.1184E-01 -0.5047E-03
  0.1960E+04 -0.1207E-01 -0.5364E-03
  0.1965E+04 -0.1230E-01 -0.5692E-03
  0.1970E+04 -0.1253E-01 -0.6032E-03
  0.1975E+04 -0.1276E-01 -0.6383E-03
  0.1980E+04 -0.1299E-01 -0.6745E-03
  0.1985E+04 -0.1322E-01 -0.7118E-03
  0.1990E+04 -0.1344E-01 -0.7503E-03
  0.1995E+04 -0.1367E-01 -0.7898E-03
  0.2000E+04 -0.1389E-01 -0.8304E-03
  0.2005E+04 -0.1411E-01 -0.8722E-03
  0.2010E+04 -0.1432E-01 -0.9151E-03
  0.2015E+04 -0.1454E-01 -0.9591E-03
  0.2020E+04 -0.1476E-01 -0.1004E-02
  0.2025E+04 -0.1497E-01 -0.1051E-02
  0.2030E+04 -0.1518E-01 -0.1098E-02
  0.2035E+04 -0.1539E-01 -0.1147E-02
  0.2040E+04 -0.1560E-01 -0.1197E-02
  0.2045E+04 -0.1580E-01 -0.1249E-02
  0.2050E+04 -0.1601E-01 -0.1301E-02
  0.2055E+04 -0.1621E-01 -0.1355E-02
  0.2060E+04 -0.1641E-01 -0.1411E-02
  0.2065E+04 -0.1661E-01 -0.1467E-02
  0.2070E+04 -0.1680E-01 -0.1525E-02
  0.2075E+04 -0.1699E-01 -0.1584E-02
  0.2080E+04 -0.1718E-01 -0.1645E-02
  0.2085E+04 -0.1737E-01 -0.1706E-02
  0.2090E+04 -0.1755E-01 -0.1769E-02
  0.2095E+04 -0.1774E-01 -0.1832E-02
  0.2100E+04 -0.1791E-01 -0.1896E-02
  0.2105E+04 -0.1809E-01 -0.1961E-02
  0.2110E+04 -0.1826E-01 -0.2027E-02
  0.2115E+04 -0.1843E-01 -0.2092E-02
  0.2120E+04 -0.1859E-01 -0.2158E-02
  0.2125E+04 -0.1876E-01 -0.2223E-02
  0.2130E+04 -0.1892E-01 -0.2288E-02
  0.2135E+04 -0.1907E-01 -0.2353E-02
  0.2140E+04 -0.1922E-01 -0.2416E-02
  0.2145E+04 -0.1937E-01 -0.2479E-02
  0.2150E+04 -0.1952E-01 -0.2541E-02
  0.2155E+04 -0.1967E-01 -0.2601E-02
  0.2160E+04 -0.1981E-01 -0.2660E-02
  0.2165E+04 -0.1995E-01 -0.2718E-02
  0.2170E+04 -0.2009E-01 -0.2774E-02
  0.2175E+04 -0.2023E-01 -0.2829E-02
  0.2180E+04 -0.2036E-01 -0.2883E-02
  0.2185E+04 -0.2050E-01 -0.2935E-02
  0.2190E+04 -0.2063E-01 -0.2985E-02
  0.2195E+04 -0.2076E-01 -0.3035E-02
  0.2200E+04 -0.2090E-01 -0.3083E-02
                   
   Partial-wave = F35
   W (MeV)   < MB (nf)|T| MB (ni) > 
  0.1690E+04  0.0000E+00  0.0000E+00
  0.1695E+04  0.0000E+00  0.0000E+00
  0.1700E+04  0.0000E+00  0.0000E+00
  0.1705E+04  0.0000E+00  0.0000E+00
  0.1710E+04  0.0000E+00  0.0000E+00
  0.1715E+04  0.0000E+00  0.0000E+00
  0.1720E+04  0.0000E+00  0.0000E+00
  0.1725E+04  0.0000E+00  0.0000E+00
  0.1730E+04  0.0000E+00  0.0000E+00
  0.1735E+04  0.0000E+00  0.0000E+00
  0.1740E+04  0.0000E+00  0.0000E+00
  0.1745E+04  0.0000E+00  0.0000E+00
  0.1750E+04  0.0000E+00  0.0000E+00
  0.1755E+04  0.0000E+00  0.0000E+00
  0.1760E+04  0.0000E+00  0.0000E+00
  0.1765E+04  0.0000E+00  0.0000E+00
  0.1770E+04  0.0000E+00  0.0000E+00
  0.1775E+04  0.0000E+00  0.0000E+00
  0.1780E+04  0.0000E+00  0.0000E+00
  0.1785E+04  0.0000E+00  0.0000E+00
  0.1790E+04  0.0000E+00  0.0000E+00
  0.1795E+04  0.0000E+00  0.0000E+00
  0.1800E+04  0.0000E+00  0.0000E+00
  0.1805E+04  0.0000E+00  0.0000E+00
  0.1810E+04  0.0000E+00  0.0000E+00
  0.1815E+04  0.0000E+00  0.0000E+00
  0.1820E+04  0.0000E+00  0.0000E+00
  0.1825E+04  0.0000E+00  0.0000E+00
  0.1830E+04  0.0000E+00  0.0000E+00
  0.1835E+04  0.0000E+00  0.0000E+00
  0.1840E+04  0.0000E+00  0.0000E+00
  0.1845E+04  0.0000E+00  0.0000E+00
  0.1850E+04  0.0000E+00  0.0000E+00
  0.1855E+04  0.0000E+00  0.0000E+00
  0.1860E+04  0.0000E+00  0.0000E+00
  0.1865E+04  0.0000E+00  0.0000E+00
  0.1870E+04  0.0000E+00  0.0000E+00
  0.1875E+04  0.0000E+00  0.0000E+00
  0.1880E+04  0.0000E+00  0.0000E+00
  0.1885E+04  0.0000E+00  0.0000E+00
  0.1890E+04  0.0000E+00  0.0000E+00
  0.1895E+04  0.0000E+00  0.0000E+00
  0.1900E+04  0.0000E+00  0.0000E+00
  0.1905E+04  0.0000E+00  0.0000E+00
  0.1910E+04  0.0000E+00  0.0000E+00
  0.1915E+04  0.0000E+00  0.0000E+00
  0.1920E+04  0.0000E+00  0.0000E+00
  0.1925E+04  0.0000E+00  0.0000E+00
  0.1930E+04  0.0000E+00  0.0000E+00
  0.1935E+04  0.0000E+00  0.0000E+00
  0.1940E+04  0.0000E+00  0.0000E+00
  0.1945E+04  0.0000E+00  0.0000E+00
  0.1950E+04  0.0000E+00  0.0000E+00
  0.1955E+04  0.0000E+00  0.0000E+00
  0.1960E+04  0.0000E+00  0.0000E+00
  0.1965E+04  0.0000E+00  0.0000E+00
  0.1970E+04  0.0000E+00  0.0000E+00
  0.1975E+04  0.0000E+00  0.0000E+00
  0.1980E+04  0.0000E+00  0.0000E+00
  0.1985E+04  0.0000E+00  0.0000E+00
  0.1990E+04  0.0000E+00  0.0000E+00
  0.1995E+04  0.0000E+00  0.0000E+00
  0.2000E+04  0.0000E+00  0.0000E+00
  0.2005E+04  0.0000E+00  0.0000E+00
  0.2010E+04  0.0000E+00  0.0000E+00
  0.2015E+04  0.0000E+00  0.0000E+00
  0.2020E+04  0.0000E+00  0.0000E+00
  0.2025E+04  0.0000E+00  0.0000E+00
  0.2030E+04  0.0000E+00  0.0000E+00
  0.2035E+04  0.0000E+00  0.0000E+00
  0.2040E+04  0.0000E+00  0.0000E+00
  0.2045E+04  0.0000E+00  0.0000E+00
  0.2050E+04  0.0000E+00  0.0000E+00
  0.2055E+04  0.0000E+00  0.0000E+00
  0.2060E+04  0.0000E+00  0.0000E+00
  0.2065E+04  0.0000E+00  0.0000E+00
  0.2070E+04  0.0000E+00  0.0000E+00
  0.2075E+04  0.0000E+00  0.0000E+00
  0.2080E+04  0.0000E+00  0.0000E+00
  0.2085E+04  0.0000E+00  0.0000E+00
  0.2090E+04  0.0000E+00  0.0000E+00
  0.2095E+04  0.0000E+00  0.0000E+00
  0.2100E+04  0.0000E+00  0.0000E+00
  0.2105E+04  0.0000E+00  0.0000E+00
  0.2110E+04  0.0000E+00  0.0000E+00
  0.2115E+04  0.0000E+00  0.0000E+00
  0.2120E+04  0.0000E+00  0.0000E+00
  0.2125E+04  0.0000E+00  0.0000E+00
  0.2130E+04  0.0000E+00  0.0000E+00
  0.2135E+04  0.0000E+00  0.0000E+00
  0.2140E+04  0.0000E+00  0.0000E+00
  0.2145E+04  0.0000E+00  0.0000E+00
  0.2150E+04  0.0000E+00  0.0000E+00
  0.2155E+04  0.0000E+00  0.0000E+00
  0.2160E+04  0.0000E+00  0.0000E+00
  0.2165E+04  0.0000E+00  0.0000E+00
  0.2170E+04  0.0000E+00  0.0000E+00
  0.2175E+04  0.0000E+00  0.0000E+00
  0.2180E+04  0.0000E+00  0.0000E+00
  0.2185E+04  0.0000E+00  0.0000E+00
  0.2190E+04  0.0000E+00  0.0000E+00
  0.2195E+04  0.0000E+00  0.0000E+00
  0.2200E+04  0.0000E+00  0.0000E+00
                   
   Partial-wave = F37
   W (MeV)   < MB (nf)|T| MB (ni) > 
  0.1690E+04  0.0000E+00  0.0000E+00
  0.1695E+04  0.0000E+00  0.0000E+00
  0.1700E+04  0.0000E+00  0.0000E+00
  0.1705E+04  0.0000E+00  0.0000E+00
  0.1710E+04  0.0000E+00  0.0000E+00
  0.1715E+04  0.0000E+00  0.0000E+00
  0.1720E+04  0.0000E+00  0.0000E+00
  0.1725E+04  0.0000E+00  0.0000E+00
  0.1730E+04  0.0000E+00  0.0000E+00
  0.1735E+04  0.0000E+00  0.0000E+00
  0.1740E+04  0.0000E+00  0.0000E+00
  0.1745E+04  0.0000E+00  0.0000E+00
  0.1750E+04  0.0000E+00  0.0000E+00
  0.1755E+04  0.0000E+00  0.0000E+00
  0.1760E+04  0.0000E+00  0.0000E+00
  0.1765E+04  0.0000E+00  0.0000E+00
  0.1770E+04  0.0000E+00  0.0000E+00
  0.1775E+04  0.0000E+00  0.0000E+00
  0.1780E+04  0.0000E+00  0.0000E+00
  0.1785E+04  0.0000E+00  0.0000E+00
  0.1790E+04  0.0000E+00  0.0000E+00
  0.1795E+04  0.0000E+00  0.0000E+00
  0.1800E+04  0.0000E+00  0.0000E+00
  0.1805E+04  0.0000E+00  0.0000E+00
  0.1810E+04  0.0000E+00  0.0000E+00
  0.1815E+04  0.0000E+00  0.0000E+00
  0.1820E+04  0.0000E+00  0.0000E+00
  0.1825E+04  0.0000E+00  0.0000E+00
  0.1830E+04  0.0000E+00  0.0000E+00
  0.1835E+04  0.0000E+00  0.0000E+00
  0.1840E+04  0.0000E+00  0.0000E+00
  0.1845E+04  0.0000E+00  0.0000E+00
  0.1850E+04  0.0000E+00  0.0000E+00
  0.1855E+04  0.0000E+00  0.0000E+00
  0.1860E+04  0.0000E+00  0.0000E+00
  0.1865E+04  0.0000E+00  0.0000E+00
  0.1870E+04  0.0000E+00  0.0000E+00
  0.1875E+04  0.0000E+00  0.0000E+00
  0.1880E+04  0.0000E+00  0.0000E+00
  0.1885E+04  0.0000E+00  0.0000E+00
  0.1890E+04  0.0000E+00  0.0000E+00
  0.1895E+04  0.0000E+00  0.0000E+00
  0.1900E+04  0.0000E+00  0.0000E+00
  0.1905E+04  0.0000E+00  0.0000E+00
  0.1910E+04  0.0000E+00  0.0000E+00
  0.1915E+04  0.0000E+00  0.0000E+00
  0.1920E+04  0.0000E+00  0.0000E+00
  0.1925E+04  0.0000E+00  0.0000E+00
  0.1930E+04  0.0000E+00  0.0000E+00
  0.1935E+04  0.0000E+00  0.0000E+00
  0.1940E+04  0.0000E+00  0.0000E+00
  0.1945E+04  0.0000E+00  0.0000E+00
  0.1950E+04  0.0000E+00  0.0000E+00
  0.1955E+04  0.0000E+00  0.0000E+00
  0.1960E+04  0.0000E+00  0.0000E+00
  0.1965E+04  0.0000E+00  0.0000E+00
  0.1970E+04  0.0000E+00  0.0000E+00
  0.1975E+04  0.0000E+00  0.0000E+00
  0.1980E+04  0.0000E+00  0.0000E+00
  0.1985E+04  0.0000E+00  0.0000E+00
  0.1990E+04  0.0000E+00  0.0000E+00
  0.1995E+04  0.0000E+00  0.0000E+00
  0.2000E+04  0.0000E+00  0.0000E+00
  0.2005E+04  0.0000E+00  0.0000E+00
  0.2010E+04  0.0000E+00  0.0000E+00
  0.2015E+04  0.0000E+00  0.0000E+00
  0.2020E+04  0.0000E+00  0.0000E+00
  0.2025E+04  0.0000E+00  0.0000E+00
  0.2030E+04  0.0000E+00  0.0000E+00
  0.2035E+04  0.0000E+00  0.0000E+00
  0.2040E+04  0.0000E+00  0.0000E+00
  0.2045E+04  0.0000E+00  0.0000E+00
  0.2050E+04  0.0000E+00  0.0000E+00
  0.2055E+04  0.0000E+00  0.0000E+00
  0.2060E+04  0.0000E+00  0.0000E+00
  0.2065E+04  0.0000E+00  0.0000E+00
  0.2070E+04  0.0000E+00  0.0000E+00
  0.2075E+04  0.0000E+00  0.0000E+00
  0.2080E+04  0.0000E+00  0.0000E+00
  0.2085E+04  0.0000E+00  0.0000E+00
  0.2090E+04  0.0000E+00  0.0000E+00
  0.2095E+04  0.0000E+00  0.0000E+00
  0.2100E+04  0.0000E+00  0.0000E+00
  0.2105E+04  0.0000E+00  0.0000E+00
  0.2110E+04  0.0000E+00  0.0000E+00
  0.2115E+04  0.0000E+00  0.0000E+00
  0.2120E+04  0.0000E+00  0.0000E+00
  0.2125E+04  0.0000E+00  0.0000E+00
  0.2130E+04  0.0000E+00  0.0000E+00
  0.2135E+04  0.0000E+00  0.0000E+00
  0.2140E+04  0.0000E+00  0.0000E+00
  0.2145E+04  0.0000E+00  0.0000E+00
  0.2150E+04  0.0000E+00  0.0000E+00
  0.2155E+04  0.0000E+00  0.0000E+00
  0.2160E+04  0.0000E+00  0.0000E+00
  0.2165E+04  0.0000E+00  0.0000E+00
  0.2170E+04  0.0000E+00  0.0000E+00
  0.2175E+04  0.0000E+00  0.0000E+00
  0.2180E+04  0.0000E+00  0.0000E+00
  0.2185E+04  0.0000E+00  0.0000E+00
  0.2190E+04  0.0000E+00  0.0000E+00
  0.2195E+04  0.0000E+00  0.0000E+00
  0.2200E+04  0.0000E+00  0.0000E+00
                   
   Partial-wave = G17
   W (MeV)   < MB (nf)|T| MB (ni) > 
  0.1690E+04 -0.5692E-06 -0.1076E-09
  0.1695E+04 -0.9278E-05 -0.1896E-08
  0.1700E+04 -0.3036E-04 -0.6687E-08
  0.1705E+04 -0.6469E-04 -0.1532E-07
  0.1710E+04 -0.1125E-03 -0.2858E-07
  0.1715E+04 -0.1736E-03 -0.4725E-07
  0.1720E+04 -0.2478E-03 -0.7216E-07
  0.1725E+04 -0.3347E-03 -0.1042E-06
  0.1730E+04 -0.4337E-03 -0.1443E-06
  0.1735E+04 -0.5444E-03 -0.1937E-06
  0.1740E+04 -0.6662E-03 -0.2536E-06
  0.1745E+04 -0.7985E-03 -0.3254E-06
  0.1750E+04 -0.9409E-03 -0.4110E-06
  0.1755E+04 -0.1093E-02 -0.5121E-06
  0.1760E+04 -0.1254E-02 -0.6310E-06
  0.1765E+04 -0.1423E-02 -0.7703E-06
  0.1770E+04 -0.1600E-02 -0.9326E-06
  0.1775E+04 -0.1784E-02 -0.1121E-05
  0.1780E+04 -0.1976E-02 -0.1339E-05
  0.1785E+04 -0.2173E-02 -0.1590E-05
  0.1790E+04 -0.2377E-02 -0.1878E-05
  0.1795E+04 -0.2587E-02 -0.2206E-05
  0.1800E+04 -0.2801E-02 -0.2580E-05
  0.1805E+04 -0.3021E-02 -0.3002E-05
  0.1810E+04 -0.3245E-02 -0.3477E-05
  0.1815E+04 -0.3473E-02 -0.4009E-05
  0.1820E+04 -0.3705E-02 -0.4601E-05
  0.1825E+04 -0.3940E-02 -0.5258E-05
  0.1830E+04 -0.4178E-02 -0.5983E-05
  0.1835E+04 -0.4419E-02 -0.6779E-05
  0.1840E+04 -0.4663E-02 -0.7648E-05
  0.1845E+04 -0.4909E-02 -0.8595E-05
  0.1850E+04 -0.5157E-02 -0.9621E-05
  0.1855E+04 -0.5407E-02 -0.1073E-04
  0.1860E+04 -0.5659E-02 -0.1192E-04
  0.1865E+04 -0.5911E-02 -0.1319E-04
  0.1870E+04 -0.6165E-02 -0.1454E-04
  0.1875E+04 -0.6420E-02 -0.1597E-04
  0.1880E+04 -0.6676E-02 -0.1749E-04
  0.1885E+04 -0.6932E-02 -0.1908E-04
  0.1890E+04 -0.7189E-02 -0.2074E-04
  0.1895E+04 -0.7446E-02 -0.2246E-04
  0.1900E+04 -0.7703E-02 -0.2423E-04
  0.1905E+04 -0.7960E-02 -0.2604E-04
  0.1910E+04 -0.8217E-02 -0.2788E-04
  0.1915E+04 -0.8474E-02 -0.2972E-04
  0.1920E+04 -0.8730E-02 -0.3154E-04
  0.1925E+04 -0.8985E-02 -0.3332E-04
  0.1930E+04 -0.9240E-02 -0.3502E-04
  0.1935E+04 -0.9494E-02 -0.3660E-04
  0.1940E+04 -0.9747E-02 -0.3803E-04
  0.1945E+04 -0.9998E-02 -0.3926E-04
  0.1950E+04 -0.1025E-01 -0.4023E-04
  0.1955E+04 -0.1050E-01 -0.4089E-04
  0.1960E+04 -0.1075E-01 -0.4118E-04
  0.1965E+04 -0.1099E-01 -0.4103E-04
  0.1970E+04 -0.1124E-01 -0.4038E-04
  0.1975E+04 -0.1148E-01 -0.3915E-04
  0.1980E+04 -0.1172E-01 -0.3725E-04
  0.1985E+04 -0.1197E-01 -0.3462E-04
  0.1990E+04 -0.1221E-01 -0.3117E-04
  0.1995E+04 -0.1244E-01 -0.2680E-04
  0.2000E+04 -0.1268E-01 -0.2144E-04
  0.2005E+04 -0.1291E-01 -0.1500E-04
  0.2010E+04 -0.1315E-01 -0.7391E-05
  0.2015E+04 -0.1338E-01  0.1477E-05
  0.2020E+04 -0.1361E-01  0.1169E-04
  0.2025E+04 -0.1384E-01  0.2331E-04
  0.2030E+04 -0.1406E-01  0.3643E-04
  0.2035E+04 -0.1429E-01  0.5111E-04
  0.2040E+04 -0.1452E-01  0.6740E-04
  0.2045E+04 -0.1474E-01  0.8534E-04
  0.2050E+04 -0.1496E-01  0.1050E-03
  0.2055E+04 -0.1519E-01  0.1263E-03
  0.2060E+04 -0.1541E-01  0.1493E-03
  0.2065E+04 -0.1563E-01  0.1740E-03
  0.2070E+04 -0.1586E-01  0.2003E-03
  0.2075E+04 -0.1608E-01  0.2282E-03
  0.2080E+04 -0.1630E-01  0.2575E-03
  0.2085E+04 -0.1652E-01  0.2882E-03
  0.2090E+04 -0.1675E-01  0.3202E-03
  0.2095E+04 -0.1697E-01  0.3532E-03
  0.2100E+04 -0.1720E-01  0.3871E-03
  0.2105E+04 -0.1742E-01  0.4217E-03
  0.2110E+04 -0.1765E-01  0.4568E-03
  0.2115E+04 -0.1788E-01  0.4921E-03
  0.2120E+04 -0.1811E-01  0.5275E-03
  0.2125E+04 -0.1834E-01  0.5627E-03
  0.2130E+04 -0.1857E-01  0.5974E-03
  0.2135E+04 -0.1880E-01  0.6315E-03
  0.2140E+04 -0.1904E-01  0.6647E-03
  0.2145E+04 -0.1927E-01  0.6967E-03
  0.2150E+04 -0.1951E-01  0.7275E-03
  0.2155E+04 -0.1974E-01  0.7568E-03
  0.2160E+04 -0.1998E-01  0.7845E-03
  0.2165E+04 -0.2021E-01  0.8105E-03
  0.2170E+04 -0.2045E-01  0.8347E-03
  0.2175E+04 -0.2069E-01  0.8573E-03
  0.2180E+04 -0.2092E-01  0.8780E-03
  0.2185E+04 -0.2116E-01  0.8970E-03
  0.2190E+04 -0.2139E-01  0.9144E-03
  0.2195E+04 -0.2162E-01  0.9301E-03
  0.2200E+04 -0.2186E-01  0.9444E-03
                   
   Partial-wave = G19
   W (MeV)   < MB (nf)|T| MB (ni) > 
  0.1690E+04 -0.3066E-06 -0.1302E-09
  0.1695E+04 -0.5000E-05 -0.2386E-08
  0.1700E+04 -0.1637E-04 -0.8759E-08
  0.1705E+04 -0.3491E-04 -0.2089E-07
  0.1710E+04 -0.6075E-04 -0.4058E-07
  0.1715E+04 -0.9387E-04 -0.6984E-07
  0.1720E+04 -0.1341E-03 -0.1109E-06
  0.1725E+04 -0.1814E-03 -0.1664E-06
  0.1730E+04 -0.2354E-03 -0.2391E-06
  0.1735E+04 -0.2959E-03 -0.3321E-06
  0.1740E+04 -0.3627E-03 -0.4491E-06
  0.1745E+04 -0.4355E-03 -0.5938E-06
  0.1750E+04 -0.5141E-03 -0.7708E-06
  0.1755E+04 -0.5982E-03 -0.9846E-06
  0.1760E+04 -0.6876E-03 -0.1241E-05
  0.1765E+04 -0.7821E-03 -0.1545E-05
  0.1770E+04 -0.8815E-03 -0.1903E-05
  0.1775E+04 -0.9854E-03 -0.2323E-05
  0.1780E+04 -0.1094E-02 -0.2813E-05
  0.1785E+04 -0.1206E-02 -0.3381E-05
  0.1790E+04 -0.1323E-02 -0.4036E-05
  0.1795E+04 -0.1444E-02 -0.4789E-05
  0.1800E+04 -0.1568E-02 -0.5652E-05
  0.1805E+04 -0.1696E-02 -0.6638E-05
  0.1810E+04 -0.1827E-02 -0.7760E-05
  0.1815E+04 -0.1961E-02 -0.9035E-05
  0.1820E+04 -0.2099E-02 -0.1048E-04
  0.1825E+04 -0.2239E-02 -0.1211E-04
  0.1830E+04 -0.2383E-02 -0.1395E-04
  0.1835E+04 -0.2529E-02 -0.1601E-04
  0.1840E+04 -0.2678E-02 -0.1833E-04
  0.1845E+04 -0.2829E-02 -0.2093E-04
  0.1850E+04 -0.2983E-02 -0.2384E-04
  0.1855E+04 -0.3139E-02 -0.2708E-04
  0.1860E+04 -0.3298E-02 -0.3068E-04
  0.1865E+04 -0.3459E-02 -0.3468E-04
  0.1870E+04 -0.3622E-02 -0.3912E-04
  0.1875E+04 -0.3787E-02 -0.4403E-04
  0.1880E+04 -0.3954E-02 -0.4944E-04
  0.1885E+04 -0.4123E-02 -0.5541E-04
  0.1890E+04 -0.4293E-02 -0.6197E-04
  0.1895E+04 -0.4466E-02 -0.6917E-04
  0.1900E+04 -0.4640E-02 -0.7706E-04
  0.1905E+04 -0.4817E-02 -0.8568E-04
  0.1910E+04 -0.4994E-02 -0.9509E-04
  0.1915E+04 -0.5174E-02 -0.1053E-03
  0.1920E+04 -0.5355E-02 -0.1165E-03
  0.1925E+04 -0.5537E-02 -0.1286E-03
  0.1930E+04 -0.5721E-02 -0.1417E-03
  0.1935E+04 -0.5906E-02 -0.1558E-03
  0.1940E+04 -0.6092E-02 -0.1712E-03
  0.1945E+04 -0.6280E-02 -0.1877E-03
  0.1950E+04 -0.6469E-02 -0.2054E-03
  0.1955E+04 -0.6659E-02 -0.2245E-03
  0.1960E+04 -0.6851E-02 -0.2450E-03
  0.1965E+04 -0.7043E-02 -0.2670E-03
  0.1970E+04 -0.7236E-02 -0.2906E-03
  0.1975E+04 -0.7430E-02 -0.3157E-03
  0.1980E+04 -0.7626E-02 -0.3426E-03
  0.1985E+04 -0.7822E-02 -0.3712E-03
  0.1990E+04 -0.8018E-02 -0.4017E-03
  0.1995E+04 -0.8216E-02 -0.4343E-03
  0.2000E+04 -0.8414E-02 -0.4688E-03
  0.2005E+04 -0.8612E-02 -0.5056E-03
  0.2010E+04 -0.8811E-02 -0.5446E-03
  0.2015E+04 -0.9010E-02 -0.5861E-03
  0.2020E+04 -0.9210E-02 -0.6301E-03
  0.2025E+04 -0.9410E-02 -0.6768E-03
  0.2030E+04 -0.9609E-02 -0.7262E-03
  0.2035E+04 -0.9809E-02 -0.7786E-03
  0.2040E+04 -0.1001E-01 -0.8342E-03
  0.2045E+04 -0.1021E-01 -0.8929E-03
  0.2050E+04 -0.1040E-01 -0.9550E-03
  0.2055E+04 -0.1060E-01 -0.1021E-02
  0.2060E+04 -0.1080E-01 -0.1090E-02
  0.2065E+04 -0.1099E-01 -0.1162E-02
  0.2070E+04 -0.1118E-01 -0.1239E-02
  0.2075E+04 -0.1137E-01 -0.1319E-02
  0.2080E+04 -0.1156E-01 -0.1403E-02
  0.2085E+04 -0.1174E-01 -0.1490E-02
  0.2090E+04 -0.1192E-01 -0.1581E-02
  0.2095E+04 -0.1209E-01 -0.1675E-02
  0.2100E+04 -0.1227E-01 -0.1771E-02
  0.2105E+04 -0.1243E-01 -0.1870E-02
  0.2110E+04 -0.1259E-01 -0.1971E-02
  0.2115E+04 -0.1275E-01 -0.2074E-02
  0.2120E+04 -0.1290E-01 -0.2177E-02
  0.2125E+04 -0.1304E-01 -0.2281E-02
  0.2130E+04 -0.1318E-01 -0.2385E-02
  0.2135E+04 -0.1332E-01 -0.2489E-02
  0.2140E+04 -0.1344E-01 -0.2591E-02
  0.2145E+04 -0.1357E-01 -0.2691E-02
  0.2150E+04 -0.1368E-01 -0.2790E-02
  0.2155E+04 -0.1380E-01 -0.2886E-02
  0.2160E+04 -0.1391E-01 -0.2980E-02
  0.2165E+04 -0.1402E-01 -0.3071E-02
  0.2170E+04 -0.1412E-01 -0.3159E-02
  0.2175E+04 -0.1422E-01 -0.3245E-02
  0.2180E+04 -0.1432E-01 -0.3328E-02
  0.2185E+04 -0.1442E-01 -0.3409E-02
  0.2190E+04 -0.1452E-01 -0.3487E-02
  0.2195E+04 -0.1461E-01 -0.3564E-02
  0.2200E+04 -0.1471E-01 -0.3639E-02
                   
   Partial-wave = G37
   W (MeV)   < MB (nf)|T| MB (ni) > 
  0.1690E+04  0.0000E+00  0.0000E+00
  0.1695E+04  0.0000E+00  0.0000E+00
  0.1700E+04  0.0000E+00  0.0000E+00
  0.1705E+04  0.0000E+00  0.0000E+00
  0.1710E+04  0.0000E+00  0.0000E+00
  0.1715E+04  0.0000E+00  0.0000E+00
  0.1720E+04  0.0000E+00  0.0000E+00
  0.1725E+04  0.0000E+00  0.0000E+00
  0.1730E+04  0.0000E+00  0.0000E+00
  0.1735E+04  0.0000E+00  0.0000E+00
  0.1740E+04  0.0000E+00  0.0000E+00
  0.1745E+04  0.0000E+00  0.0000E+00
  0.1750E+04  0.0000E+00  0.0000E+00
  0.1755E+04  0.0000E+00  0.0000E+00
  0.1760E+04  0.0000E+00  0.0000E+00
  0.1765E+04  0.0000E+00  0.0000E+00
  0.1770E+04  0.0000E+00  0.0000E+00
  0.1775E+04  0.0000E+00  0.0000E+00
  0.1780E+04  0.0000E+00  0.0000E+00
  0.1785E+04  0.0000E+00  0.0000E+00
  0.1790E+04  0.0000E+00  0.0000E+00
  0.1795E+04  0.0000E+00  0.0000E+00
  0.1800E+04  0.0000E+00  0.0000E+00
  0.1805E+04  0.0000E+00  0.0000E+00
  0.1810E+04  0.0000E+00  0.0000E+00
  0.1815E+04  0.0000E+00  0.0000E+00
  0.1820E+04  0.0000E+00  0.0000E+00
  0.1825E+04  0.0000E+00  0.0000E+00
  0.1830E+04  0.0000E+00  0.0000E+00
  0.1835E+04  0.0000E+00  0.0000E+00
  0.1840E+04  0.0000E+00  0.0000E+00
  0.1845E+04  0.0000E+00  0.0000E+00
  0.1850E+04  0.0000E+00  0.0000E+00
  0.1855E+04  0.0000E+00  0.0000E+00
  0.1860E+04  0.0000E+00  0.0000E+00
  0.1865E+04  0.0000E+00  0.0000E+00
  0.1870E+04  0.0000E+00  0.0000E+00
  0.1875E+04  0.0000E+00  0.0000E+00
  0.1880E+04  0.0000E+00  0.0000E+00
  0.1885E+04  0.0000E+00  0.0000E+00
  0.1890E+04  0.0000E+00  0.0000E+00
  0.1895E+04  0.0000E+00  0.0000E+00
  0.1900E+04  0.0000E+00  0.0000E+00
  0.1905E+04  0.0000E+00  0.0000E+00
  0.1910E+04  0.0000E+00  0.0000E+00
  0.1915E+04  0.0000E+00  0.0000E+00
  0.1920E+04  0.0000E+00  0.0000E+00
  0.1925E+04  0.0000E+00  0.0000E+00
  0.1930E+04  0.0000E+00  0.0000E+00
  0.1935E+04  0.0000E+00  0.0000E+00
  0.1940E+04  0.0000E+00  0.0000E+00
  0.1945E+04  0.0000E+00  0.0000E+00
  0.1950E+04  0.0000E+00  0.0000E+00
  0.1955E+04  0.0000E+00  0.0000E+00
  0.1960E+04  0.0000E+00  0.0000E+00
  0.1965E+04  0.0000E+00  0.0000E+00
  0.1970E+04  0.0000E+00  0.0000E+00
  0.1975E+04  0.0000E+00  0.0000E+00
  0.1980E+04  0.0000E+00  0.0000E+00
  0.1985E+04  0.0000E+00  0.0000E+00
  0.1990E+04  0.0000E+00  0.0000E+00
  0.1995E+04  0.0000E+00  0.0000E+00
  0.2000E+04  0.0000E+00  0.0000E+00
  0.2005E+04  0.0000E+00  0.0000E+00
  0.2010E+04  0.0000E+00  0.0000E+00
  0.2015E+04  0.0000E+00  0.0000E+00
  0.2020E+04  0.0000E+00  0.0000E+00
  0.2025E+04  0.0000E+00  0.0000E+00
  0.2030E+04  0.0000E+00  0.0000E+00
  0.2035E+04  0.0000E+00  0.0000E+00
  0.2040E+04  0.0000E+00  0.0000E+00
  0.2045E+04  0.0000E+00  0.0000E+00
  0.2050E+04  0.0000E+00  0.0000E+00
  0.2055E+04  0.0000E+00  0.0000E+00
  0.2060E+04  0.0000E+00  0.0000E+00
  0.2065E+04  0.0000E+00  0.0000E+00
  0.2070E+04  0.0000E+00  0.0000E+00
  0.2075E+04  0.0000E+00  0.0000E+00
  0.2080E+04  0.0000E+00  0.0000E+00
  0.2085E+04  0.0000E+00  0.0000E+00
  0.2090E+04  0.0000E+00  0.0000E+00
  0.2095E+04  0.0000E+00  0.0000E+00
  0.2100E+04  0.0000E+00  0.0000E+00
  0.2105E+04  0.0000E+00  0.0000E+00
  0.2110E+04  0.0000E+00  0.0000E+00
  0.2115E+04  0.0000E+00  0.0000E+00
  0.2120E+04  0.0000E+00  0.0000E+00
  0.2125E+04  0.0000E+00  0.0000E+00
  0.2130E+04  0.0000E+00  0.0000E+00
  0.2135E+04  0.0000E+00  0.0000E+00
  0.2140E+04  0.0000E+00  0.0000E+00
  0.2145E+04  0.0000E+00  0.0000E+00
  0.2150E+04  0.0000E+00  0.0000E+00
  0.2155E+04  0.0000E+00  0.0000E+00
  0.2160E+04  0.0000E+00  0.0000E+00
  0.2165E+04  0.0000E+00  0.0000E+00
  0.2170E+04  0.0000E+00  0.0000E+00
  0.2175E+04  0.0000E+00  0.0000E+00
  0.2180E+04  0.0000E+00  0.0000E+00
  0.2185E+04  0.0000E+00  0.0000E+00
  0.2190E+04  0.0000E+00  0.0000E+00
  0.2195E+04  0.0000E+00  0.0000E+00
  0.2200E+04  0.0000E+00  0.0000E+00
                   
   Partial-wave = G39
   W (MeV)   < MB (nf)|T| MB (ni) > 
  0.1690E+04  0.0000E+00  0.0000E+00
  0.1695E+04  0.0000E+00  0.0000E+00
  0.1700E+04  0.0000E+00  0.0000E+00
  0.1705E+04  0.0000E+00  0.0000E+00
  0.1710E+04  0.0000E+00  0.0000E+00
  0.1715E+04  0.0000E+00  0.0000E+00
  0.1720E+04  0.0000E+00  0.0000E+00
  0.1725E+04  0.0000E+00  0.0000E+00
  0.1730E+04  0.0000E+00  0.0000E+00
  0.1735E+04  0.0000E+00  0.0000E+00
  0.1740E+04  0.0000E+00  0.0000E+00
  0.1745E+04  0.0000E+00  0.0000E+00
  0.1750E+04  0.0000E+00  0.0000E+00
  0.1755E+04  0.0000E+00  0.0000E+00
  0.1760E+04  0.0000E+00  0.0000E+00
  0.1765E+04  0.0000E+00  0.0000E+00
  0.1770E+04  0.0000E+00  0.0000E+00
  0.1775E+04  0.0000E+00  0.0000E+00
  0.1780E+04  0.0000E+00  0.0000E+00
  0.1785E+04  0.0000E+00  0.0000E+00
  0.1790E+04  0.0000E+00  0.0000E+00
  0.1795E+04  0.0000E+00  0.0000E+00
  0.1800E+04  0.0000E+00  0.0000E+00
  0.1805E+04  0.0000E+00  0.0000E+00
  0.1810E+04  0.0000E+00  0.0000E+00
  0.1815E+04  0.0000E+00  0.0000E+00
  0.1820E+04  0.0000E+00  0.0000E+00
  0.1825E+04  0.0000E+00  0.0000E+00
  0.1830E+04  0.0000E+00  0.0000E+00
  0.1835E+04  0.0000E+00  0.0000E+00
  0.1840E+04  0.0000E+00  0.0000E+00
  0.1845E+04  0.0000E+00  0.0000E+00
  0.1850E+04  0.0000E+00  0.0000E+00
  0.1855E+04  0.0000E+00  0.0000E+00
  0.1860E+04  0.0000E+00  0.0000E+00
  0.1865E+04  0.0000E+00  0.0000E+00
  0.1870E+04  0.0000E+00  0.0000E+00
  0.1875E+04  0.0000E+00  0.0000E+00
  0.1880E+04  0.0000E+00  0.0000E+00
  0.1885E+04  0.0000E+00  0.0000E+00
  0.1890E+04  0.0000E+00  0.0000E+00
  0.1895E+04  0.0000E+00  0.0000E+00
  0.1900E+04  0.0000E+00  0.0000E+00
  0.1905E+04  0.0000E+00  0.0000E+00
  0.1910E+04  0.0000E+00  0.0000E+00
  0.1915E+04  0.0000E+00  0.0000E+00
  0.1920E+04  0.0000E+00  0.0000E+00
  0.1925E+04  0.0000E+00  0.0000E+00
  0.1930E+04  0.0000E+00  0.0000E+00
  0.1935E+04  0.0000E+00  0.0000E+00
  0.1940E+04  0.0000E+00  0.0000E+00
  0.1945E+04  0.0000E+00  0.0000E+00
  0.1950E+04  0.0000E+00  0.0000E+00
  0.1955E+04  0.0000E+00  0.0000E+00
  0.1960E+04  0.0000E+00  0.0000E+00
  0.1965E+04  0.0000E+00  0.0000E+00
  0.1970E+04  0.0000E+00  0.0000E+00
  0.1975E+04  0.0000E+00  0.0000E+00
  0.1980E+04  0.0000E+00  0.0000E+00
  0.1985E+04  0.0000E+00  0.0000E+00
  0.1990E+04  0.0000E+00  0.0000E+00
  0.1995E+04  0.0000E+00  0.0000E+00
  0.2000E+04  0.0000E+00  0.0000E+00
  0.2005E+04  0.0000E+00  0.0000E+00
  0.2010E+04  0.0000E+00  0.0000E+00
  0.2015E+04  0.0000E+00  0.0000E+00
  0.2020E+04  0.0000E+00  0.0000E+00
  0.2025E+04  0.0000E+00  0.0000E+00
  0.2030E+04  0.0000E+00  0.0000E+00
  0.2035E+04  0.0000E+00  0.0000E+00
  0.2040E+04  0.0000E+00  0.0000E+00
  0.2045E+04  0.0000E+00  0.0000E+00
  0.2050E+04  0.0000E+00  0.0000E+00
  0.2055E+04  0.0000E+00  0.0000E+00
  0.2060E+04  0.0000E+00  0.0000E+00
  0.2065E+04  0.0000E+00  0.0000E+00
  0.2070E+04  0.0000E+00  0.0000E+00
  0.2075E+04  0.0000E+00  0.0000E+00
  0.2080E+04  0.0000E+00  0.0000E+00
  0.2085E+04  0.0000E+00  0.0000E+00
  0.2090E+04  0.0000E+00  0.0000E+00
  0.2095E+04  0.0000E+00  0.0000E+00
  0.2100E+04  0.0000E+00  0.0000E+00
  0.2105E+04  0.0000E+00  0.0000E+00
  0.2110E+04  0.0000E+00  0.0000E+00
  0.2115E+04  0.0000E+00  0.0000E+00
  0.2120E+04  0.0000E+00  0.0000E+00
  0.2125E+04  0.0000E+00  0.0000E+00
  0.2130E+04  0.0000E+00  0.0000E+00
  0.2135E+04  0.0000E+00  0.0000E+00
  0.2140E+04  0.0000E+00  0.0000E+00
  0.2145E+04  0.0000E+00  0.0000E+00
  0.2150E+04  0.0000E+00  0.0000E+00
  0.2155E+04  0.0000E+00  0.0000E+00
  0.2160E+04  0.0000E+00  0.0000E+00
  0.2165E+04  0.0000E+00  0.0000E+00
  0.2170E+04  0.0000E+00  0.0000E+00
  0.2175E+04  0.0000E+00  0.0000E+00
  0.2180E+04  0.0000E+00  0.0000E+00
  0.2185E+04  0.0000E+00  0.0000E+00
  0.2190E+04  0.0000E+00  0.0000E+00
  0.2195E+04  0.0000E+00  0.0000E+00
  0.2200E+04  0.0000E+00  0.0000E+00
                   
   Partial-wave = H19
   W (MeV)   < MB (nf)|T| MB (ni) > 
  0.1690E+04 -0.2792E-07 -0.3019E-12
  0.1695E+04 -0.8516E-06 -0.9447E-11
  0.1700E+04 -0.3649E-05 -0.4133E-10
  0.1705E+04 -0.9255E-05 -0.1066E-09
  0.1710E+04 -0.1830E-04 -0.2139E-09
  0.1715E+04 -0.3130E-04 -0.3697E-09
  0.1720E+04 -0.4862E-04 -0.5793E-09
  0.1725E+04 -0.7059E-04 -0.8469E-09
  0.1730E+04 -0.9742E-04 -0.1177E-08
  0.1735E+04 -0.1293E-03 -0.1575E-08
  0.1740E+04 -0.1663E-03 -0.2050E-08
  0.1745E+04 -0.2086E-03 -0.2616E-08
  0.1750E+04 -0.2562E-03 -0.3294E-08
  0.1755E+04 -0.3092E-03 -0.4118E-08
  0.1760E+04 -0.3674E-03 -0.5135E-08
  0.1765E+04 -0.4308E-03 -0.6411E-08
  0.1770E+04 -0.4995E-03 -0.8033E-08
  0.1775E+04 -0.5734E-03 -0.1012E-07
  0.1780E+04 -0.6523E-03 -0.1280E-07
  0.1785E+04 -0.7361E-03 -0.1628E-07
  0.1790E+04 -0.8249E-03 -0.2075E-07
  0.1795E+04 -0.9184E-03 -0.2648E-07
  0.1800E+04 -0.1017E-02 -0.3377E-07
  0.1805E+04 -0.1119E-02 -0.4297E-07
  0.1810E+04 -0.1226E-02 -0.5447E-07
  0.1815E+04 -0.1338E-02 -0.6871E-07
  0.1820E+04 -0.1453E-02 -0.8620E-07
  0.1825E+04 -0.1572E-02 -0.1075E-06
  0.1830E+04 -0.1696E-02 -0.1332E-06
  0.1835E+04 -0.1823E-02 -0.1640E-06
  0.1840E+04 -0.1954E-02 -0.2007E-06
  0.1845E+04 -0.2088E-02 -0.2440E-06
  0.1850E+04 -0.2225E-02 -0.2949E-06
  0.1855E+04 -0.2366E-02 -0.3543E-06
  0.1860E+04 -0.2510E-02 -0.4234E-06
  0.1865E+04 -0.2657E-02 -0.5033E-06
  0.1870E+04 -0.2806E-02 -0.5952E-06
  0.1875E+04 -0.2959E-02 -0.7004E-06
  0.1880E+04 -0.3114E-02 -0.8204E-06
  0.1885E+04 -0.3271E-02 -0.9567E-06
  0.1890E+04 -0.3431E-02 -0.1111E-05
  0.1895E+04 -0.3593E-02 -0.1284E-05
  0.1900E+04 -0.3758E-02 -0.1479E-05
  0.1905E+04 -0.3924E-02 -0.1697E-05
  0.1910E+04 -0.4092E-02 -0.1939E-05
  0.1915E+04 -0.4263E-02 -0.2208E-05
  0.1920E+04 -0.4435E-02 -0.2505E-05
  0.1925E+04 -0.4608E-02 -0.2831E-05
  0.1930E+04 -0.4784E-02 -0.3189E-05
  0.1935E+04 -0.4960E-02 -0.3580E-05
  0.1940E+04 -0.5139E-02 -0.4005E-05
  0.1945E+04 -0.5318E-02 -0.4466E-05
  0.1950E+04 -0.5499E-02 -0.4964E-05
  0.1955E+04 -0.5681E-02 -0.5500E-05
  0.1960E+04 -0.5864E-02 -0.6075E-05
  0.1965E+04 -0.6048E-02 -0.6691E-05
  0.1970E+04 -0.6233E-02 -0.7348E-05
  0.1975E+04 -0.6419E-02 -0.8047E-05
  0.1980E+04 -0.6606E-02 -0.8789E-05
  0.1985E+04 -0.6794E-02 -0.9576E-05
  0.1990E+04 -0.6982E-02 -0.1041E-04
  0.1995E+04 -0.7171E-02 -0.1128E-04
  0.2000E+04 -0.7360E-02 -0.1220E-04
  0.2005E+04 -0.7550E-02 -0.1317E-04
  0.2010E+04 -0.7741E-02 -0.1419E-04
  0.2015E+04 -0.7932E-02 -0.1525E-04
  0.2020E+04 -0.8123E-02 -0.1636E-04
  0.2025E+04 -0.8315E-02 -0.1751E-04
  0.2030E+04 -0.8507E-02 -0.1871E-04
  0.2035E+04 -0.8699E-02 -0.1996E-04
  0.2040E+04 -0.8892E-02 -0.2126E-04
  0.2045E+04 -0.9084E-02 -0.2259E-04
  0.2050E+04 -0.9277E-02 -0.2397E-04
  0.2055E+04 -0.9470E-02 -0.2540E-04
  0.2060E+04 -0.9663E-02 -0.2686E-04
  0.2065E+04 -0.9856E-02 -0.2836E-04
  0.2070E+04 -0.1005E-01 -0.2990E-04
  0.2075E+04 -0.1024E-01 -0.3146E-04
  0.2080E+04 -0.1044E-01 -0.3307E-04
  0.2085E+04 -0.1063E-01 -0.3470E-04
  0.2090E+04 -0.1082E-01 -0.3637E-04
  0.2095E+04 -0.1101E-01 -0.3806E-04
  0.2100E+04 -0.1121E-01 -0.3977E-04
  0.2105E+04 -0.1140E-01 -0.4152E-04
  0.2110E+04 -0.1159E-01 -0.4330E-04
  0.2115E+04 -0.1179E-01 -0.4510E-04
  0.2120E+04 -0.1198E-01 -0.4695E-04
  0.2125E+04 -0.1217E-01 -0.4883E-04
  0.2130E+04 -0.1236E-01 -0.5077E-04
  0.2135E+04 -0.1255E-01 -0.5276E-04
  0.2140E+04 -0.1274E-01 -0.5482E-04
  0.2145E+04 -0.1294E-01 -0.5696E-04
  0.2150E+04 -0.1313E-01 -0.5920E-04
  0.2155E+04 -0.1332E-01 -0.6155E-04
  0.2160E+04 -0.1351E-01 -0.6403E-04
  0.2165E+04 -0.1370E-01 -0.6666E-04
  0.2170E+04 -0.1389E-01 -0.6947E-04
  0.2175E+04 -0.1408E-01 -0.7246E-04
  0.2180E+04 -0.1427E-01 -0.7567E-04
  0.2185E+04 -0.1446E-01 -0.7911E-04
  0.2190E+04 -0.1465E-01 -0.8280E-04
  0.2195E+04 -0.1484E-01 -0.8677E-04
  0.2200E+04 -0.1503E-01 -0.9102E-04
                   
   Partial-wave = H39
   W (MeV)   < MB (nf)|T| MB (ni) > 
  0.1690E+04  0.0000E+00  0.0000E+00
  0.1695E+04  0.0000E+00  0.0000E+00
  0.1700E+04  0.0000E+00  0.0000E+00
  0.1705E+04  0.0000E+00  0.0000E+00
  0.1710E+04  0.0000E+00  0.0000E+00
  0.1715E+04  0.0000E+00  0.0000E+00
  0.1720E+04  0.0000E+00  0.0000E+00
  0.1725E+04  0.0000E+00  0.0000E+00
  0.1730E+04  0.0000E+00  0.0000E+00
  0.1735E+04  0.0000E+00  0.0000E+00
  0.1740E+04  0.0000E+00  0.0000E+00
  0.1745E+04  0.0000E+00  0.0000E+00
  0.1750E+04  0.0000E+00  0.0000E+00
  0.1755E+04  0.0000E+00  0.0000E+00
  0.1760E+04  0.0000E+00  0.0000E+00
  0.1765E+04  0.0000E+00  0.0000E+00
  0.1770E+04  0.0000E+00  0.0000E+00
  0.1775E+04  0.0000E+00  0.0000E+00
  0.1780E+04  0.0000E+00  0.0000E+00
  0.1785E+04  0.0000E+00  0.0000E+00
  0.1790E+04  0.0000E+00  0.0000E+00
  0.1795E+04  0.0000E+00  0.0000E+00
  0.1800E+04  0.0000E+00  0.0000E+00
  0.1805E+04  0.0000E+00  0.0000E+00
  0.1810E+04  0.0000E+00  0.0000E+00
  0.1815E+04  0.0000E+00  0.0000E+00
  0.1820E+04  0.0000E+00  0.0000E+00
  0.1825E+04  0.0000E+00  0.0000E+00
  0.1830E+04  0.0000E+00  0.0000E+00
  0.1835E+04  0.0000E+00  0.0000E+00
  0.1840E+04  0.0000E+00  0.0000E+00
  0.1845E+04  0.0000E+00  0.0000E+00
  0.1850E+04  0.0000E+00  0.0000E+00
  0.1855E+04  0.0000E+00  0.0000E+00
  0.1860E+04  0.0000E+00  0.0000E+00
  0.1865E+04  0.0000E+00  0.0000E+00
  0.1870E+04  0.0000E+00  0.0000E+00
  0.1875E+04  0.0000E+00  0.0000E+00
  0.1880E+04  0.0000E+00  0.0000E+00
  0.1885E+04  0.0000E+00  0.0000E+00
  0.1890E+04  0.0000E+00  0.0000E+00
  0.1895E+04  0.0000E+00  0.0000E+00
  0.1900E+04  0.0000E+00  0.0000E+00
  0.1905E+04  0.0000E+00  0.0000E+00
  0.1910E+04  0.0000E+00  0.0000E+00
  0.1915E+04  0.0000E+00  0.0000E+00
  0.1920E+04  0.0000E+00  0.0000E+00
  0.1925E+04  0.0000E+00  0.0000E+00
  0.1930E+04  0.0000E+00  0.0000E+00
  0.1935E+04  0.0000E+00  0.0000E+00
  0.1940E+04  0.0000E+00  0.0000E+00
  0.1945E+04  0.0000E+00  0.0000E+00
  0.1950E+04  0.0000E+00  0.0000E+00
  0.1955E+04  0.0000E+00  0.0000E+00
  0.1960E+04  0.0000E+00  0.0000E+00
  0.1965E+04  0.0000E+00  0.0000E+00
  0.1970E+04  0.0000E+00  0.0000E+00
  0.1975E+04  0.0000E+00  0.0000E+00
  0.1980E+04  0.0000E+00  0.0000E+00
  0.1985E+04  0.0000E+00  0.0000E+00
  0.1990E+04  0.0000E+00  0.0000E+00
  0.1995E+04  0.0000E+00  0.0000E+00
  0.2000E+04  0.0000E+00  0.0000E+00
  0.2005E+04  0.0000E+00  0.0000E+00
  0.2010E+04  0.0000E+00  0.0000E+00
  0.2015E+04  0.0000E+00  0.0000E+00
  0.2020E+04  0.0000E+00  0.0000E+00
  0.2025E+04  0.0000E+00  0.0000E+00
  0.2030E+04  0.0000E+00  0.0000E+00
  0.2035E+04  0.0000E+00  0.0000E+00
  0.2040E+04  0.0000E+00  0.0000E+00
  0.2045E+04  0.0000E+00  0.0000E+00
  0.2050E+04  0.0000E+00  0.0000E+00
  0.2055E+04  0.0000E+00  0.0000E+00
  0.2060E+04  0.0000E+00  0.0000E+00
  0.2065E+04  0.0000E+00  0.0000E+00
  0.2070E+04  0.0000E+00  0.0000E+00
  0.2075E+04  0.0000E+00  0.0000E+00
  0.2080E+04  0.0000E+00  0.0000E+00
  0.2085E+04  0.0000E+00  0.0000E+00
  0.2090E+04  0.0000E+00  0.0000E+00
  0.2095E+04  0.0000E+00  0.0000E+00
  0.2100E+04  0.0000E+00  0.0000E+00
  0.2105E+04  0.0000E+00  0.0000E+00
  0.2110E+04  0.0000E+00  0.0000E+00
  0.2115E+04  0.0000E+00  0.0000E+00
  0.2120E+04  0.0000E+00  0.0000E+00
  0.2125E+04  0.0000E+00  0.0000E+00
  0.2130E+04  0.0000E+00  0.0000E+00
  0.2135E+04  0.0000E+00  0.0000E+00
  0.2140E+04  0.0000E+00  0.0000E+00
  0.2145E+04  0.0000E+00  0.0000E+00
  0.2150E+04  0.0000E+00  0.0000E+00
  0.2155E+04  0.0000E+00  0.0000E+00
  0.2160E+04  0.0000E+00  0.0000E+00
  0.2165E+04  0.0000E+00  0.0000E+00
  0.2170E+04  0.0000E+00  0.0000E+00
  0.2175E+04  0.0000E+00  0.0000E+00
  0.2180E+04  0.0000E+00  0.0000E+00
  0.2185E+04  0.0000E+00  0.0000E+00
  0.2190E+04  0.0000E+00  0.0000E+00
  0.2195E+04  0.0000E+00  0.0000E+00
  0.2200E+04  0.0000E+00  0.0000E+00
