  
   ANL-osaka amplitudes : < MB (nf)|T| MB (ni) > 
   Relation to S-matrix : S = 1 + 2 i T
 ---------------------------------- 
  Requested Amplitudes
  MB(nf)=  K-Sigma,   MB(ni)=  K-Lambd
                   
                   
   Partial-wave = S11
   W (MeV)   < MB (nf)|T| MB (ni) > 
  0.1690E+04 -0.6621E-01 -0.6035E-01
  0.1695E+04 -0.6867E-01 -0.7462E-01
  0.1700E+04 -0.6838E-01 -0.7654E-01
  0.1705E+04 -0.6782E-01 -0.7687E-01
  0.1710E+04 -0.6702E-01 -0.7638E-01
  0.1715E+04 -0.6626E-01 -0.7539E-01
  0.1720E+04 -0.6567E-01 -0.7414E-01
  0.1725E+04 -0.6528E-01 -0.7278E-01
  0.1730E+04 -0.6508E-01 -0.7143E-01
  0.1735E+04 -0.6504E-01 -0.7015E-01
  0.1740E+04 -0.6513E-01 -0.6896E-01
  0.1745E+04 -0.6533E-01 -0.6789E-01
  0.1750E+04 -0.6560E-01 -0.6694E-01
  0.1755E+04 -0.6593E-01 -0.6610E-01
  0.1760E+04 -0.6630E-01 -0.6537E-01
  0.1765E+04 -0.6669E-01 -0.6474E-01
  0.1770E+04 -0.6710E-01 -0.6420E-01
  0.1775E+04 -0.6752E-01 -0.6373E-01
  0.1780E+04 -0.6795E-01 -0.6332E-01
  0.1785E+04 -0.6839E-01 -0.6298E-01
  0.1790E+04 -0.6884E-01 -0.6269E-01
  0.1795E+04 -0.6931E-01 -0.6244E-01
  0.1800E+04 -0.6979E-01 -0.6225E-01
  0.1805E+04 -0.7028E-01 -0.6210E-01
  0.1810E+04 -0.7078E-01 -0.6200E-01
  0.1815E+04 -0.7130E-01 -0.6194E-01
  0.1820E+04 -0.7182E-01 -0.6192E-01
  0.1825E+04 -0.7234E-01 -0.6196E-01
  0.1830E+04 -0.7287E-01 -0.6203E-01
  0.1835E+04 -0.7339E-01 -0.6215E-01
  0.1840E+04 -0.7390E-01 -0.6231E-01
  0.1845E+04 -0.7440E-01 -0.6251E-01
  0.1850E+04 -0.7488E-01 -0.6275E-01
  0.1855E+04 -0.7534E-01 -0.6302E-01
  0.1860E+04 -0.7578E-01 -0.6331E-01
  0.1865E+04 -0.7619E-01 -0.6363E-01
  0.1870E+04 -0.7657E-01 -0.6396E-01
  0.1875E+04 -0.7692E-01 -0.6430E-01
  0.1880E+04 -0.7725E-01 -0.6466E-01
  0.1885E+04 -0.7754E-01 -0.6501E-01
  0.1890E+04 -0.7781E-01 -0.6536E-01
  0.1895E+04 -0.7805E-01 -0.6570E-01
  0.1900E+04 -0.7827E-01 -0.6604E-01
  0.1905E+04 -0.7847E-01 -0.6636E-01
  0.1910E+04 -0.7865E-01 -0.6666E-01
  0.1915E+04 -0.7883E-01 -0.6695E-01
  0.1920E+04 -0.7899E-01 -0.6722E-01
  0.1925E+04 -0.7915E-01 -0.6747E-01
  0.1930E+04 -0.7931E-01 -0.6771E-01
  0.1935E+04 -0.7946E-01 -0.6793E-01
  0.1940E+04 -0.7963E-01 -0.6814E-01
  0.1945E+04 -0.7979E-01 -0.6833E-01
  0.1950E+04 -0.7996E-01 -0.6852E-01
  0.1955E+04 -0.8015E-01 -0.6870E-01
  0.1960E+04 -0.8034E-01 -0.6887E-01
  0.1965E+04 -0.8054E-01 -0.6905E-01
  0.1970E+04 -0.8074E-01 -0.6922E-01
  0.1975E+04 -0.8095E-01 -0.6939E-01
  0.1980E+04 -0.8117E-01 -0.6957E-01
  0.1985E+04 -0.8140E-01 -0.6976E-01
  0.1990E+04 -0.8162E-01 -0.6995E-01
  0.1995E+04 -0.8185E-01 -0.7014E-01
  0.2000E+04 -0.8207E-01 -0.7035E-01
  0.2005E+04 -0.8230E-01 -0.7056E-01
  0.2010E+04 -0.8252E-01 -0.7078E-01
  0.2015E+04 -0.8273E-01 -0.7101E-01
  0.2020E+04 -0.8294E-01 -0.7124E-01
  0.2025E+04 -0.8313E-01 -0.7148E-01
  0.2030E+04 -0.8332E-01 -0.7172E-01
  0.2035E+04 -0.8350E-01 -0.7196E-01
  0.2040E+04 -0.8367E-01 -0.7221E-01
  0.2045E+04 -0.8383E-01 -0.7245E-01
  0.2050E+04 -0.8398E-01 -0.7270E-01
  0.2055E+04 -0.8412E-01 -0.7294E-01
  0.2060E+04 -0.8425E-01 -0.7318E-01
  0.2065E+04 -0.8437E-01 -0.7341E-01
  0.2070E+04 -0.8448E-01 -0.7364E-01
  0.2075E+04 -0.8458E-01 -0.7387E-01
  0.2080E+04 -0.8468E-01 -0.7409E-01
  0.2085E+04 -0.8478E-01 -0.7430E-01
  0.2090E+04 -0.8486E-01 -0.7451E-01
  0.2095E+04 -0.8495E-01 -0.7471E-01
  0.2100E+04 -0.8503E-01 -0.7491E-01
  0.2105E+04 -0.8511E-01 -0.7510E-01
  0.2110E+04 -0.8518E-01 -0.7529E-01
  0.2115E+04 -0.8526E-01 -0.7547E-01
  0.2120E+04 -0.8533E-01 -0.7565E-01
  0.2125E+04 -0.8541E-01 -0.7582E-01
  0.2130E+04 -0.8548E-01 -0.7599E-01
  0.2135E+04 -0.8555E-01 -0.7616E-01
  0.2140E+04 -0.8562E-01 -0.7633E-01
  0.2145E+04 -0.8569E-01 -0.7649E-01
  0.2150E+04 -0.8576E-01 -0.7666E-01
  0.2155E+04 -0.8583E-01 -0.7683E-01
  0.2160E+04 -0.8590E-01 -0.7699E-01
  0.2165E+04 -0.8597E-01 -0.7716E-01
  0.2170E+04 -0.8604E-01 -0.7733E-01
  0.2175E+04 -0.8610E-01 -0.7750E-01
  0.2180E+04 -0.8616E-01 -0.7767E-01
  0.2185E+04 -0.8622E-01 -0.7785E-01
  0.2190E+04 -0.8627E-01 -0.7802E-01
  0.2195E+04 -0.8632E-01 -0.7820E-01
  0.2200E+04 -0.8636E-01 -0.7838E-01
                   
   Partial-wave = S31
   W (MeV)   < MB (nf)|T| MB (ni) > 
  0.1690E+04  0.0000E+00  0.0000E+00
  0.1695E+04  0.0000E+00  0.0000E+00
  0.1700E+04  0.0000E+00  0.0000E+00
  0.1705E+04  0.0000E+00  0.0000E+00
  0.1710E+04  0.0000E+00  0.0000E+00
  0.1715E+04  0.0000E+00  0.0000E+00
  0.1720E+04  0.0000E+00  0.0000E+00
  0.1725E+04  0.0000E+00  0.0000E+00
  0.1730E+04  0.0000E+00  0.0000E+00
  0.1735E+04  0.0000E+00  0.0000E+00
  0.1740E+04  0.0000E+00  0.0000E+00
  0.1745E+04  0.0000E+00  0.0000E+00
  0.1750E+04  0.0000E+00  0.0000E+00
  0.1755E+04  0.0000E+00  0.0000E+00
  0.1760E+04  0.0000E+00  0.0000E+00
  0.1765E+04  0.0000E+00  0.0000E+00
  0.1770E+04  0.0000E+00  0.0000E+00
  0.1775E+04  0.0000E+00  0.0000E+00
  0.1780E+04  0.0000E+00  0.0000E+00
  0.1785E+04  0.0000E+00  0.0000E+00
  0.1790E+04  0.0000E+00  0.0000E+00
  0.1795E+04  0.0000E+00  0.0000E+00
  0.1800E+04  0.0000E+00  0.0000E+00
  0.1805E+04  0.0000E+00  0.0000E+00
  0.1810E+04  0.0000E+00  0.0000E+00
  0.1815E+04  0.0000E+00  0.0000E+00
  0.1820E+04  0.0000E+00  0.0000E+00
  0.1825E+04  0.0000E+00  0.0000E+00
  0.1830E+04  0.0000E+00  0.0000E+00
  0.1835E+04  0.0000E+00  0.0000E+00
  0.1840E+04  0.0000E+00  0.0000E+00
  0.1845E+04  0.0000E+00  0.0000E+00
  0.1850E+04  0.0000E+00  0.0000E+00
  0.1855E+04  0.0000E+00  0.0000E+00
  0.1860E+04  0.0000E+00  0.0000E+00
  0.1865E+04  0.0000E+00  0.0000E+00
  0.1870E+04  0.0000E+00  0.0000E+00
  0.1875E+04  0.0000E+00  0.0000E+00
  0.1880E+04  0.0000E+00  0.0000E+00
  0.1885E+04  0.0000E+00  0.0000E+00
  0.1890E+04  0.0000E+00  0.0000E+00
  0.1895E+04  0.0000E+00  0.0000E+00
  0.1900E+04  0.0000E+00  0.0000E+00
  0.1905E+04  0.0000E+00  0.0000E+00
  0.1910E+04  0.0000E+00  0.0000E+00
  0.1915E+04  0.0000E+00  0.0000E+00
  0.1920E+04  0.0000E+00  0.0000E+00
  0.1925E+04  0.0000E+00  0.0000E+00
  0.1930E+04  0.0000E+00  0.0000E+00
  0.1935E+04  0.0000E+00  0.0000E+00
  0.1940E+04  0.0000E+00  0.0000E+00
  0.1945E+04  0.0000E+00  0.0000E+00
  0.1950E+04  0.0000E+00  0.0000E+00
  0.1955E+04  0.0000E+00  0.0000E+00
  0.1960E+04  0.0000E+00  0.0000E+00
  0.1965E+04  0.0000E+00  0.0000E+00
  0.1970E+04  0.0000E+00  0.0000E+00
  0.1975E+04  0.0000E+00  0.0000E+00
  0.1980E+04  0.0000E+00  0.0000E+00
  0.1985E+04  0.0000E+00  0.0000E+00
  0.1990E+04  0.0000E+00  0.0000E+00
  0.1995E+04  0.0000E+00  0.0000E+00
  0.2000E+04  0.0000E+00  0.0000E+00
  0.2005E+04  0.0000E+00  0.0000E+00
  0.2010E+04  0.0000E+00  0.0000E+00
  0.2015E+04  0.0000E+00  0.0000E+00
  0.2020E+04  0.0000E+00  0.0000E+00
  0.2025E+04  0.0000E+00  0.0000E+00
  0.2030E+04  0.0000E+00  0.0000E+00
  0.2035E+04  0.0000E+00  0.0000E+00
  0.2040E+04  0.0000E+00  0.0000E+00
  0.2045E+04  0.0000E+00  0.0000E+00
  0.2050E+04  0.0000E+00  0.0000E+00
  0.2055E+04  0.0000E+00  0.0000E+00
  0.2060E+04  0.0000E+00  0.0000E+00
  0.2065E+04  0.0000E+00  0.0000E+00
  0.2070E+04  0.0000E+00  0.0000E+00
  0.2075E+04  0.0000E+00  0.0000E+00
  0.2080E+04  0.0000E+00  0.0000E+00
  0.2085E+04  0.0000E+00  0.0000E+00
  0.2090E+04  0.0000E+00  0.0000E+00
  0.2095E+04  0.0000E+00  0.0000E+00
  0.2100E+04  0.0000E+00  0.0000E+00
  0.2105E+04  0.0000E+00  0.0000E+00
  0.2110E+04  0.0000E+00  0.0000E+00
  0.2115E+04  0.0000E+00  0.0000E+00
  0.2120E+04  0.0000E+00  0.0000E+00
  0.2125E+04  0.0000E+00  0.0000E+00
  0.2130E+04  0.0000E+00  0.0000E+00
  0.2135E+04  0.0000E+00  0.0000E+00
  0.2140E+04  0.0000E+00  0.0000E+00
  0.2145E+04  0.0000E+00  0.0000E+00
  0.2150E+04  0.0000E+00  0.0000E+00
  0.2155E+04  0.0000E+00  0.0000E+00
  0.2160E+04  0.0000E+00  0.0000E+00
  0.2165E+04  0.0000E+00  0.0000E+00
  0.2170E+04  0.0000E+00  0.0000E+00
  0.2175E+04  0.0000E+00  0.0000E+00
  0.2180E+04  0.0000E+00  0.0000E+00
  0.2185E+04  0.0000E+00  0.0000E+00
  0.2190E+04  0.0000E+00  0.0000E+00
  0.2195E+04  0.0000E+00  0.0000E+00
  0.2200E+04  0.0000E+00  0.0000E+00
                   
   Partial-wave = P11
   W (MeV)   < MB (nf)|T| MB (ni) > 
  0.1690E+04 -0.1349E-01 -0.5348E-02
  0.1695E+04 -0.3525E-01 -0.1500E-01
  0.1700E+04 -0.5346E-01 -0.2456E-01
  0.1705E+04 -0.6978E-01 -0.3463E-01
  0.1710E+04 -0.8456E-01 -0.4533E-01
  0.1715E+04 -0.9787E-01 -0.5658E-01
  0.1720E+04 -0.1098E+00 -0.6825E-01
  0.1725E+04 -0.1202E+00 -0.8017E-01
  0.1730E+04 -0.1293E+00 -0.9220E-01
  0.1735E+04 -0.1371E+00 -0.1042E+00
  0.1740E+04 -0.1436E+00 -0.1160E+00
  0.1745E+04 -0.1490E+00 -0.1276E+00
  0.1750E+04 -0.1534E+00 -0.1388E+00
  0.1755E+04 -0.1568E+00 -0.1496E+00
  0.1760E+04 -0.1593E+00 -0.1599E+00
  0.1765E+04 -0.1610E+00 -0.1696E+00
  0.1770E+04 -0.1620E+00 -0.1788E+00
  0.1775E+04 -0.1624E+00 -0.1874E+00
  0.1780E+04 -0.1623E+00 -0.1955E+00
  0.1785E+04 -0.1617E+00 -0.2029E+00
  0.1790E+04 -0.1608E+00 -0.2097E+00
  0.1795E+04 -0.1596E+00 -0.2159E+00
  0.1800E+04 -0.1583E+00 -0.2216E+00
  0.1805E+04 -0.1567E+00 -0.2268E+00
  0.1810E+04 -0.1551E+00 -0.2316E+00
  0.1815E+04 -0.1534E+00 -0.2359E+00
  0.1820E+04 -0.1516E+00 -0.2399E+00
  0.1825E+04 -0.1498E+00 -0.2435E+00
  0.1830E+04 -0.1480E+00 -0.2468E+00
  0.1835E+04 -0.1462E+00 -0.2499E+00
  0.1840E+04 -0.1444E+00 -0.2527E+00
  0.1845E+04 -0.1425E+00 -0.2553E+00
  0.1850E+04 -0.1406E+00 -0.2577E+00
  0.1855E+04 -0.1387E+00 -0.2599E+00
  0.1860E+04 -0.1368E+00 -0.2618E+00
  0.1865E+04 -0.1348E+00 -0.2636E+00
  0.1870E+04 -0.1328E+00 -0.2652E+00
  0.1875E+04 -0.1308E+00 -0.2666E+00
  0.1880E+04 -0.1288E+00 -0.2679E+00
  0.1885E+04 -0.1268E+00 -0.2690E+00
  0.1890E+04 -0.1249E+00 -0.2698E+00
  0.1895E+04 -0.1229E+00 -0.2706E+00
  0.1900E+04 -0.1210E+00 -0.2711E+00
  0.1905E+04 -0.1191E+00 -0.2715E+00
  0.1910E+04 -0.1173E+00 -0.2718E+00
  0.1915E+04 -0.1156E+00 -0.2720E+00
  0.1920E+04 -0.1139E+00 -0.2720E+00
  0.1925E+04 -0.1123E+00 -0.2720E+00
  0.1930E+04 -0.1108E+00 -0.2718E+00
  0.1935E+04 -0.1094E+00 -0.2716E+00
  0.1940E+04 -0.1080E+00 -0.2714E+00
  0.1945E+04 -0.1067E+00 -0.2711E+00
  0.1950E+04 -0.1055E+00 -0.2708E+00
  0.1955E+04 -0.1044E+00 -0.2705E+00
  0.1960E+04 -0.1033E+00 -0.2701E+00
  0.1965E+04 -0.1023E+00 -0.2698E+00
  0.1970E+04 -0.1013E+00 -0.2695E+00
  0.1975E+04 -0.1003E+00 -0.2692E+00
  0.1980E+04 -0.9940E-01 -0.2689E+00
  0.1985E+04 -0.9848E-01 -0.2686E+00
  0.1990E+04 -0.9757E-01 -0.2683E+00
  0.1995E+04 -0.9667E-01 -0.2681E+00
  0.2000E+04 -0.9577E-01 -0.2678E+00
  0.2005E+04 -0.9487E-01 -0.2676E+00
  0.2010E+04 -0.9395E-01 -0.2674E+00
  0.2015E+04 -0.9302E-01 -0.2672E+00
  0.2020E+04 -0.9208E-01 -0.2670E+00
  0.2025E+04 -0.9113E-01 -0.2667E+00
  0.2030E+04 -0.9016E-01 -0.2665E+00
  0.2035E+04 -0.8918E-01 -0.2663E+00
  0.2040E+04 -0.8819E-01 -0.2660E+00
  0.2045E+04 -0.8719E-01 -0.2658E+00
  0.2050E+04 -0.8618E-01 -0.2655E+00
  0.2055E+04 -0.8516E-01 -0.2652E+00
  0.2060E+04 -0.8413E-01 -0.2649E+00
  0.2065E+04 -0.8310E-01 -0.2646E+00
  0.2070E+04 -0.8207E-01 -0.2643E+00
  0.2075E+04 -0.8104E-01 -0.2640E+00
  0.2080E+04 -0.8000E-01 -0.2636E+00
  0.2085E+04 -0.7897E-01 -0.2633E+00
  0.2090E+04 -0.7793E-01 -0.2630E+00
  0.2095E+04 -0.7689E-01 -0.2626E+00
  0.2100E+04 -0.7584E-01 -0.2622E+00
  0.2105E+04 -0.7480E-01 -0.2619E+00
  0.2110E+04 -0.7374E-01 -0.2615E+00
  0.2115E+04 -0.7268E-01 -0.2612E+00
  0.2120E+04 -0.7162E-01 -0.2608E+00
  0.2125E+04 -0.7054E-01 -0.2604E+00
  0.2130E+04 -0.6946E-01 -0.2601E+00
  0.2135E+04 -0.6837E-01 -0.2597E+00
  0.2140E+04 -0.6726E-01 -0.2593E+00
  0.2145E+04 -0.6615E-01 -0.2589E+00
  0.2150E+04 -0.6502E-01 -0.2586E+00
  0.2155E+04 -0.6388E-01 -0.2582E+00
  0.2160E+04 -0.6273E-01 -0.2578E+00
  0.2165E+04 -0.6157E-01 -0.2574E+00
  0.2170E+04 -0.6039E-01 -0.2570E+00
  0.2175E+04 -0.5920E-01 -0.2566E+00
  0.2180E+04 -0.5800E-01 -0.2562E+00
  0.2185E+04 -0.5679E-01 -0.2558E+00
  0.2190E+04 -0.5556E-01 -0.2553E+00
  0.2195E+04 -0.5432E-01 -0.2549E+00
  0.2200E+04 -0.5306E-01 -0.2545E+00
                   
   Partial-wave = P13
   W (MeV)   < MB (nf)|T| MB (ni) > 
  0.1690E+04  0.1324E-02  0.2985E-03
  0.1695E+04  0.3333E-02  0.7885E-03
  0.1700E+04  0.4901E-02  0.1220E-02
  0.1705E+04  0.6236E-02  0.1640E-02
  0.1710E+04  0.7401E-02  0.2065E-02
  0.1715E+04  0.8424E-02  0.2505E-02
  0.1720E+04  0.9319E-02  0.2968E-02
  0.1725E+04  0.1009E-01  0.3459E-02
  0.1730E+04  0.1075E-01  0.3979E-02
  0.1735E+04  0.1130E-01  0.4529E-02
  0.1740E+04  0.1173E-01  0.5107E-02
  0.1745E+04  0.1204E-01  0.5710E-02
  0.1750E+04  0.1225E-01  0.6333E-02
  0.1755E+04  0.1234E-01  0.6972E-02
  0.1760E+04  0.1232E-01  0.7620E-02
  0.1765E+04  0.1220E-01  0.8274E-02
  0.1770E+04  0.1198E-01  0.8927E-02
  0.1775E+04  0.1165E-01  0.9574E-02
  0.1780E+04  0.1124E-01  0.1021E-01
  0.1785E+04  0.1073E-01  0.1083E-01
  0.1790E+04  0.1014E-01  0.1144E-01
  0.1795E+04  0.9471E-02  0.1201E-01
  0.1800E+04  0.8729E-02  0.1257E-01
  0.1805E+04  0.7920E-02  0.1310E-01
  0.1810E+04  0.7049E-02  0.1359E-01
  0.1815E+04  0.6120E-02  0.1405E-01
  0.1820E+04  0.5139E-02  0.1448E-01
  0.1825E+04  0.4110E-02  0.1488E-01
  0.1830E+04  0.3038E-02  0.1524E-01
  0.1835E+04  0.1928E-02  0.1556E-01
  0.1840E+04  0.7830E-03  0.1585E-01
  0.1845E+04 -0.3922E-03  0.1609E-01
  0.1850E+04 -0.1594E-02  0.1630E-01
  0.1855E+04 -0.2818E-02  0.1647E-01
  0.1860E+04 -0.4060E-02  0.1660E-01
  0.1865E+04 -0.5317E-02  0.1668E-01
  0.1870E+04 -0.6584E-02  0.1673E-01
  0.1875E+04 -0.7857E-02  0.1674E-01
  0.1880E+04 -0.9134E-02  0.1671E-01
  0.1885E+04 -0.1041E-01  0.1664E-01
  0.1890E+04 -0.1168E-01  0.1654E-01
  0.1895E+04 -0.1294E-01  0.1640E-01
  0.1900E+04 -0.1420E-01  0.1622E-01
  0.1905E+04 -0.1544E-01  0.1602E-01
  0.1910E+04 -0.1666E-01  0.1578E-01
  0.1915E+04 -0.1786E-01  0.1552E-01
  0.1920E+04 -0.1905E-01  0.1523E-01
  0.1925E+04 -0.2021E-01  0.1492E-01
  0.1930E+04 -0.2135E-01  0.1459E-01
  0.1935E+04 -0.2247E-01  0.1424E-01
  0.1940E+04 -0.2356E-01  0.1388E-01
  0.1945E+04 -0.2464E-01  0.1350E-01
  0.1950E+04 -0.2568E-01  0.1312E-01
  0.1955E+04 -0.2671E-01  0.1272E-01
  0.1960E+04 -0.2771E-01  0.1232E-01
  0.1965E+04 -0.2869E-01  0.1191E-01
  0.1970E+04 -0.2965E-01  0.1150E-01
  0.1975E+04 -0.3060E-01  0.1109E-01
  0.1980E+04 -0.3152E-01  0.1067E-01
  0.1985E+04 -0.3243E-01  0.1025E-01
  0.1990E+04 -0.3331E-01  0.9823E-02
  0.1995E+04 -0.3419E-01  0.9399E-02
  0.2000E+04 -0.3504E-01  0.8973E-02
  0.2005E+04 -0.3589E-01  0.8545E-02
  0.2010E+04 -0.3671E-01  0.8117E-02
  0.2015E+04 -0.3753E-01  0.7687E-02
  0.2020E+04 -0.3833E-01  0.7255E-02
  0.2025E+04 -0.3912E-01  0.6822E-02
  0.2030E+04 -0.3990E-01  0.6387E-02
  0.2035E+04 -0.4066E-01  0.5950E-02
  0.2040E+04 -0.4142E-01  0.5511E-02
  0.2045E+04 -0.4216E-01  0.5069E-02
  0.2050E+04 -0.4289E-01  0.4624E-02
  0.2055E+04 -0.4361E-01  0.4177E-02
  0.2060E+04 -0.4432E-01  0.3727E-02
  0.2065E+04 -0.4501E-01  0.3273E-02
  0.2070E+04 -0.4569E-01  0.2817E-02
  0.2075E+04 -0.4637E-01  0.2357E-02
  0.2080E+04 -0.4702E-01  0.1894E-02
  0.2085E+04 -0.4767E-01  0.1429E-02
  0.2090E+04 -0.4831E-01  0.9604E-03
  0.2095E+04 -0.4893E-01  0.4897E-03
  0.2100E+04 -0.4953E-01  0.1694E-04
  0.2105E+04 -0.5013E-01 -0.4576E-03
  0.2110E+04 -0.5071E-01 -0.9335E-03
  0.2115E+04 -0.5128E-01 -0.1410E-02
  0.2120E+04 -0.5184E-01 -0.1888E-02
  0.2125E+04 -0.5238E-01 -0.2366E-02
  0.2130E+04 -0.5291E-01 -0.2843E-02
  0.2135E+04 -0.5343E-01 -0.3321E-02
  0.2140E+04 -0.5394E-01 -0.3798E-02
  0.2145E+04 -0.5444E-01 -0.4275E-02
  0.2150E+04 -0.5493E-01 -0.4751E-02
  0.2155E+04 -0.5540E-01 -0.5226E-02
  0.2160E+04 -0.5587E-01 -0.5701E-02
  0.2165E+04 -0.5633E-01 -0.6176E-02
  0.2170E+04 -0.5677E-01 -0.6650E-02
  0.2175E+04 -0.5721E-01 -0.7125E-02
  0.2180E+04 -0.5764E-01 -0.7599E-02
  0.2185E+04 -0.5806E-01 -0.8074E-02
  0.2190E+04 -0.5847E-01 -0.8548E-02
  0.2195E+04 -0.5887E-01 -0.9023E-02
  0.2200E+04 -0.5925E-01 -0.9498E-02
                   
   Partial-wave = P31
   W (MeV)   < MB (nf)|T| MB (ni) > 
  0.1690E+04  0.0000E+00  0.0000E+00
  0.1695E+04  0.0000E+00  0.0000E+00
  0.1700E+04  0.0000E+00  0.0000E+00
  0.1705E+04  0.0000E+00  0.0000E+00
  0.1710E+04  0.0000E+00  0.0000E+00
  0.1715E+04  0.0000E+00  0.0000E+00
  0.1720E+04  0.0000E+00  0.0000E+00
  0.1725E+04  0.0000E+00  0.0000E+00
  0.1730E+04  0.0000E+00  0.0000E+00
  0.1735E+04  0.0000E+00  0.0000E+00
  0.1740E+04  0.0000E+00  0.0000E+00
  0.1745E+04  0.0000E+00  0.0000E+00
  0.1750E+04  0.0000E+00  0.0000E+00
  0.1755E+04  0.0000E+00  0.0000E+00
  0.1760E+04  0.0000E+00  0.0000E+00
  0.1765E+04  0.0000E+00  0.0000E+00
  0.1770E+04  0.0000E+00  0.0000E+00
  0.1775E+04  0.0000E+00  0.0000E+00
  0.1780E+04  0.0000E+00  0.0000E+00
  0.1785E+04  0.0000E+00  0.0000E+00
  0.1790E+04  0.0000E+00  0.0000E+00
  0.1795E+04  0.0000E+00  0.0000E+00
  0.1800E+04  0.0000E+00  0.0000E+00
  0.1805E+04  0.0000E+00  0.0000E+00
  0.1810E+04  0.0000E+00  0.0000E+00
  0.1815E+04  0.0000E+00  0.0000E+00
  0.1820E+04  0.0000E+00  0.0000E+00
  0.1825E+04  0.0000E+00  0.0000E+00
  0.1830E+04  0.0000E+00  0.0000E+00
  0.1835E+04  0.0000E+00  0.0000E+00
  0.1840E+04  0.0000E+00  0.0000E+00
  0.1845E+04  0.0000E+00  0.0000E+00
  0.1850E+04  0.0000E+00  0.0000E+00
  0.1855E+04  0.0000E+00  0.0000E+00
  0.1860E+04  0.0000E+00  0.0000E+00
  0.1865E+04  0.0000E+00  0.0000E+00
  0.1870E+04  0.0000E+00  0.0000E+00
  0.1875E+04  0.0000E+00  0.0000E+00
  0.1880E+04  0.0000E+00  0.0000E+00
  0.1885E+04  0.0000E+00  0.0000E+00
  0.1890E+04  0.0000E+00  0.0000E+00
  0.1895E+04  0.0000E+00  0.0000E+00
  0.1900E+04  0.0000E+00  0.0000E+00
  0.1905E+04  0.0000E+00  0.0000E+00
  0.1910E+04  0.0000E+00  0.0000E+00
  0.1915E+04  0.0000E+00  0.0000E+00
  0.1920E+04  0.0000E+00  0.0000E+00
  0.1925E+04  0.0000E+00  0.0000E+00
  0.1930E+04  0.0000E+00  0.0000E+00
  0.1935E+04  0.0000E+00  0.0000E+00
  0.1940E+04  0.0000E+00  0.0000E+00
  0.1945E+04  0.0000E+00  0.0000E+00
  0.1950E+04  0.0000E+00  0.0000E+00
  0.1955E+04  0.0000E+00  0.0000E+00
  0.1960E+04  0.0000E+00  0.0000E+00
  0.1965E+04  0.0000E+00  0.0000E+00
  0.1970E+04  0.0000E+00  0.0000E+00
  0.1975E+04  0.0000E+00  0.0000E+00
  0.1980E+04  0.0000E+00  0.0000E+00
  0.1985E+04  0.0000E+00  0.0000E+00
  0.1990E+04  0.0000E+00  0.0000E+00
  0.1995E+04  0.0000E+00  0.0000E+00
  0.2000E+04  0.0000E+00  0.0000E+00
  0.2005E+04  0.0000E+00  0.0000E+00
  0.2010E+04  0.0000E+00  0.0000E+00
  0.2015E+04  0.0000E+00  0.0000E+00
  0.2020E+04  0.0000E+00  0.0000E+00
  0.2025E+04  0.0000E+00  0.0000E+00
  0.2030E+04  0.0000E+00  0.0000E+00
  0.2035E+04  0.0000E+00  0.0000E+00
  0.2040E+04  0.0000E+00  0.0000E+00
  0.2045E+04  0.0000E+00  0.0000E+00
  0.2050E+04  0.0000E+00  0.0000E+00
  0.2055E+04  0.0000E+00  0.0000E+00
  0.2060E+04  0.0000E+00  0.0000E+00
  0.2065E+04  0.0000E+00  0.0000E+00
  0.2070E+04  0.0000E+00  0.0000E+00
  0.2075E+04  0.0000E+00  0.0000E+00
  0.2080E+04  0.0000E+00  0.0000E+00
  0.2085E+04  0.0000E+00  0.0000E+00
  0.2090E+04  0.0000E+00  0.0000E+00
  0.2095E+04  0.0000E+00  0.0000E+00
  0.2100E+04  0.0000E+00  0.0000E+00
  0.2105E+04  0.0000E+00  0.0000E+00
  0.2110E+04  0.0000E+00  0.0000E+00
  0.2115E+04  0.0000E+00  0.0000E+00
  0.2120E+04  0.0000E+00  0.0000E+00
  0.2125E+04  0.0000E+00  0.0000E+00
  0.2130E+04  0.0000E+00  0.0000E+00
  0.2135E+04  0.0000E+00  0.0000E+00
  0.2140E+04  0.0000E+00  0.0000E+00
  0.2145E+04  0.0000E+00  0.0000E+00
  0.2150E+04  0.0000E+00  0.0000E+00
  0.2155E+04  0.0000E+00  0.0000E+00
  0.2160E+04  0.0000E+00  0.0000E+00
  0.2165E+04  0.0000E+00  0.0000E+00
  0.2170E+04  0.0000E+00  0.0000E+00
  0.2175E+04  0.0000E+00  0.0000E+00
  0.2180E+04  0.0000E+00  0.0000E+00
  0.2185E+04  0.0000E+00  0.0000E+00
  0.2190E+04  0.0000E+00  0.0000E+00
  0.2195E+04  0.0000E+00  0.0000E+00
  0.2200E+04  0.0000E+00  0.0000E+00
                   
   Partial-wave = P33
   W (MeV)   < MB (nf)|T| MB (ni) > 
  0.1690E+04  0.0000E+00  0.0000E+00
  0.1695E+04  0.0000E+00  0.0000E+00
  0.1700E+04  0.0000E+00  0.0000E+00
  0.1705E+04  0.0000E+00  0.0000E+00
  0.1710E+04  0.0000E+00  0.0000E+00
  0.1715E+04  0.0000E+00  0.0000E+00
  0.1720E+04  0.0000E+00  0.0000E+00
  0.1725E+04  0.0000E+00  0.0000E+00
  0.1730E+04  0.0000E+00  0.0000E+00
  0.1735E+04  0.0000E+00  0.0000E+00
  0.1740E+04  0.0000E+00  0.0000E+00
  0.1745E+04  0.0000E+00  0.0000E+00
  0.1750E+04  0.0000E+00  0.0000E+00
  0.1755E+04  0.0000E+00  0.0000E+00
  0.1760E+04  0.0000E+00  0.0000E+00
  0.1765E+04  0.0000E+00  0.0000E+00
  0.1770E+04  0.0000E+00  0.0000E+00
  0.1775E+04  0.0000E+00  0.0000E+00
  0.1780E+04  0.0000E+00  0.0000E+00
  0.1785E+04  0.0000E+00  0.0000E+00
  0.1790E+04  0.0000E+00  0.0000E+00
  0.1795E+04  0.0000E+00  0.0000E+00
  0.1800E+04  0.0000E+00  0.0000E+00
  0.1805E+04  0.0000E+00  0.0000E+00
  0.1810E+04  0.0000E+00  0.0000E+00
  0.1815E+04  0.0000E+00  0.0000E+00
  0.1820E+04  0.0000E+00  0.0000E+00
  0.1825E+04  0.0000E+00  0.0000E+00
  0.1830E+04  0.0000E+00  0.0000E+00
  0.1835E+04  0.0000E+00  0.0000E+00
  0.1840E+04  0.0000E+00  0.0000E+00
  0.1845E+04  0.0000E+00  0.0000E+00
  0.1850E+04  0.0000E+00  0.0000E+00
  0.1855E+04  0.0000E+00  0.0000E+00
  0.1860E+04  0.0000E+00  0.0000E+00
  0.1865E+04  0.0000E+00  0.0000E+00
  0.1870E+04  0.0000E+00  0.0000E+00
  0.1875E+04  0.0000E+00  0.0000E+00
  0.1880E+04  0.0000E+00  0.0000E+00
  0.1885E+04  0.0000E+00  0.0000E+00
  0.1890E+04  0.0000E+00  0.0000E+00
  0.1895E+04  0.0000E+00  0.0000E+00
  0.1900E+04  0.0000E+00  0.0000E+00
  0.1905E+04  0.0000E+00  0.0000E+00
  0.1910E+04  0.0000E+00  0.0000E+00
  0.1915E+04  0.0000E+00  0.0000E+00
  0.1920E+04  0.0000E+00  0.0000E+00
  0.1925E+04  0.0000E+00  0.0000E+00
  0.1930E+04  0.0000E+00  0.0000E+00
  0.1935E+04  0.0000E+00  0.0000E+00
  0.1940E+04  0.0000E+00  0.0000E+00
  0.1945E+04  0.0000E+00  0.0000E+00
  0.1950E+04  0.0000E+00  0.0000E+00
  0.1955E+04  0.0000E+00  0.0000E+00
  0.1960E+04  0.0000E+00  0.0000E+00
  0.1965E+04  0.0000E+00  0.0000E+00
  0.1970E+04  0.0000E+00  0.0000E+00
  0.1975E+04  0.0000E+00  0.0000E+00
  0.1980E+04  0.0000E+00  0.0000E+00
  0.1985E+04  0.0000E+00  0.0000E+00
  0.1990E+04  0.0000E+00  0.0000E+00
  0.1995E+04  0.0000E+00  0.0000E+00
  0.2000E+04  0.0000E+00  0.0000E+00
  0.2005E+04  0.0000E+00  0.0000E+00
  0.2010E+04  0.0000E+00  0.0000E+00
  0.2015E+04  0.0000E+00  0.0000E+00
  0.2020E+04  0.0000E+00  0.0000E+00
  0.2025E+04  0.0000E+00  0.0000E+00
  0.2030E+04  0.0000E+00  0.0000E+00
  0.2035E+04  0.0000E+00  0.0000E+00
  0.2040E+04  0.0000E+00  0.0000E+00
  0.2045E+04  0.0000E+00  0.0000E+00
  0.2050E+04  0.0000E+00  0.0000E+00
  0.2055E+04  0.0000E+00  0.0000E+00
  0.2060E+04  0.0000E+00  0.0000E+00
  0.2065E+04  0.0000E+00  0.0000E+00
  0.2070E+04  0.0000E+00  0.0000E+00
  0.2075E+04  0.0000E+00  0.0000E+00
  0.2080E+04  0.0000E+00  0.0000E+00
  0.2085E+04  0.0000E+00  0.0000E+00
  0.2090E+04  0.0000E+00  0.0000E+00
  0.2095E+04  0.0000E+00  0.0000E+00
  0.2100E+04  0.0000E+00  0.0000E+00
  0.2105E+04  0.0000E+00  0.0000E+00
  0.2110E+04  0.0000E+00  0.0000E+00
  0.2115E+04  0.0000E+00  0.0000E+00
  0.2120E+04  0.0000E+00  0.0000E+00
  0.2125E+04  0.0000E+00  0.0000E+00
  0.2130E+04  0.0000E+00  0.0000E+00
  0.2135E+04  0.0000E+00  0.0000E+00
  0.2140E+04  0.0000E+00  0.0000E+00
  0.2145E+04  0.0000E+00  0.0000E+00
  0.2150E+04  0.0000E+00  0.0000E+00
  0.2155E+04  0.0000E+00  0.0000E+00
  0.2160E+04  0.0000E+00  0.0000E+00
  0.2165E+04  0.0000E+00  0.0000E+00
  0.2170E+04  0.0000E+00  0.0000E+00
  0.2175E+04  0.0000E+00  0.0000E+00
  0.2180E+04  0.0000E+00  0.0000E+00
  0.2185E+04  0.0000E+00  0.0000E+00
  0.2190E+04  0.0000E+00  0.0000E+00
  0.2195E+04  0.0000E+00  0.0000E+00
  0.2200E+04  0.0000E+00  0.0000E+00
                   
   Partial-wave = D13
   W (MeV)   < MB (nf)|T| MB (ni) > 
  0.1690E+04  0.8889E-05 -0.1893E-04
  0.1695E+04  0.4086E-04 -0.9427E-04
  0.1700E+04  0.7630E-04 -0.1919E-03
  0.1705E+04  0.1113E-03 -0.3069E-03
  0.1710E+04  0.1438E-03 -0.4376E-03
  0.1715E+04  0.1724E-03 -0.5827E-03
  0.1720E+04  0.1960E-03 -0.7413E-03
  0.1725E+04  0.2139E-03 -0.9127E-03
  0.1730E+04  0.2256E-03 -0.1096E-02
  0.1735E+04  0.2305E-03 -0.1290E-02
  0.1740E+04  0.2285E-03 -0.1494E-02
  0.1745E+04  0.2190E-03 -0.1707E-02
  0.1750E+04  0.2016E-03 -0.1928E-02
  0.1755E+04  0.1759E-03 -0.2155E-02
  0.1760E+04  0.1413E-03 -0.2387E-02
  0.1765E+04  0.9711E-04 -0.2623E-02
  0.1770E+04  0.4261E-04 -0.2862E-02
  0.1775E+04 -0.2303E-04 -0.3103E-02
  0.1780E+04 -0.1006E-03 -0.3344E-02
  0.1785E+04 -0.1911E-03 -0.3586E-02
  0.1790E+04 -0.2952E-03 -0.3827E-02
  0.1795E+04 -0.4139E-03 -0.4066E-02
  0.1800E+04 -0.5478E-03 -0.4305E-02
  0.1805E+04 -0.6977E-03 -0.4541E-02
  0.1810E+04 -0.8641E-03 -0.4776E-02
  0.1815E+04 -0.1048E-02 -0.5008E-02
  0.1820E+04 -0.1248E-02 -0.5237E-02
  0.1825E+04 -0.1467E-02 -0.5465E-02
  0.1830E+04 -0.1704E-02 -0.5689E-02
  0.1835E+04 -0.1959E-02 -0.5910E-02
  0.1840E+04 -0.2233E-02 -0.6128E-02
  0.1845E+04 -0.2527E-02 -0.6343E-02
  0.1850E+04 -0.2840E-02 -0.6554E-02
  0.1855E+04 -0.3173E-02 -0.6761E-02
  0.1860E+04 -0.3527E-02 -0.6964E-02
  0.1865E+04 -0.3903E-02 -0.7164E-02
  0.1870E+04 -0.4301E-02 -0.7359E-02
  0.1875E+04 -0.4723E-02 -0.7552E-02
  0.1880E+04 -0.5169E-02 -0.7741E-02
  0.1885E+04 -0.5640E-02 -0.7928E-02
  0.1890E+04 -0.6136E-02 -0.8114E-02
  0.1895E+04 -0.6660E-02 -0.8300E-02
  0.1900E+04 -0.7211E-02 -0.8487E-02
  0.1905E+04 -0.7790E-02 -0.8677E-02
  0.1910E+04 -0.8398E-02 -0.8871E-02
  0.1915E+04 -0.9034E-02 -0.9071E-02
  0.1920E+04 -0.9699E-02 -0.9279E-02
  0.1925E+04 -0.1039E-01 -0.9498E-02
  0.1930E+04 -0.1111E-01 -0.9729E-02
  0.1935E+04 -0.1186E-01 -0.9974E-02
  0.1940E+04 -0.1264E-01 -0.1024E-01
  0.1945E+04 -0.1344E-01 -0.1052E-01
  0.1950E+04 -0.1426E-01 -0.1082E-01
  0.1955E+04 -0.1510E-01 -0.1114E-01
  0.1960E+04 -0.1596E-01 -0.1149E-01
  0.1965E+04 -0.1684E-01 -0.1186E-01
  0.1970E+04 -0.1774E-01 -0.1226E-01
  0.1975E+04 -0.1864E-01 -0.1268E-01
  0.1980E+04 -0.1956E-01 -0.1314E-01
  0.1985E+04 -0.2048E-01 -0.1362E-01
  0.1990E+04 -0.2141E-01 -0.1413E-01
  0.1995E+04 -0.2234E-01 -0.1467E-01
  0.2000E+04 -0.2327E-01 -0.1524E-01
  0.2005E+04 -0.2419E-01 -0.1583E-01
  0.2010E+04 -0.2511E-01 -0.1646E-01
  0.2015E+04 -0.2603E-01 -0.1711E-01
  0.2020E+04 -0.2693E-01 -0.1778E-01
  0.2025E+04 -0.2782E-01 -0.1848E-01
  0.2030E+04 -0.2870E-01 -0.1920E-01
  0.2035E+04 -0.2956E-01 -0.1995E-01
  0.2040E+04 -0.3040E-01 -0.2072E-01
  0.2045E+04 -0.3122E-01 -0.2150E-01
  0.2050E+04 -0.3202E-01 -0.2230E-01
  0.2055E+04 -0.3280E-01 -0.2312E-01
  0.2060E+04 -0.3356E-01 -0.2395E-01
  0.2065E+04 -0.3429E-01 -0.2480E-01
  0.2070E+04 -0.3500E-01 -0.2565E-01
  0.2075E+04 -0.3568E-01 -0.2651E-01
  0.2080E+04 -0.3634E-01 -0.2737E-01
  0.2085E+04 -0.3697E-01 -0.2824E-01
  0.2090E+04 -0.3757E-01 -0.2911E-01
  0.2095E+04 -0.3815E-01 -0.2998E-01
  0.2100E+04 -0.3870E-01 -0.3085E-01
  0.2105E+04 -0.3923E-01 -0.3172E-01
  0.2110E+04 -0.3973E-01 -0.3258E-01
  0.2115E+04 -0.4021E-01 -0.3343E-01
  0.2120E+04 -0.4067E-01 -0.3428E-01
  0.2125E+04 -0.4110E-01 -0.3512E-01
  0.2130E+04 -0.4151E-01 -0.3595E-01
  0.2135E+04 -0.4190E-01 -0.3677E-01
  0.2140E+04 -0.4227E-01 -0.3757E-01
  0.2145E+04 -0.4262E-01 -0.3836E-01
  0.2150E+04 -0.4295E-01 -0.3914E-01
  0.2155E+04 -0.4326E-01 -0.3989E-01
  0.2160E+04 -0.4356E-01 -0.4064E-01
  0.2165E+04 -0.4385E-01 -0.4136E-01
  0.2170E+04 -0.4412E-01 -0.4207E-01
  0.2175E+04 -0.4439E-01 -0.4276E-01
  0.2180E+04 -0.4465E-01 -0.4344E-01
  0.2185E+04 -0.4490E-01 -0.4410E-01
  0.2190E+04 -0.4515E-01 -0.4474E-01
  0.2195E+04 -0.4539E-01 -0.4537E-01
  0.2200E+04 -0.4562E-01 -0.4598E-01
                   
   Partial-wave = D15
   W (MeV)   < MB (nf)|T| MB (ni) > 
  0.1690E+04 -0.1342E-04  0.5514E-06
  0.1695E+04 -0.6627E-04  0.2684E-05
  0.1700E+04 -0.1336E-03  0.5367E-05
  0.1705E+04 -0.2117E-03  0.8476E-05
  0.1710E+04 -0.2987E-03  0.1197E-04
  0.1715E+04 -0.3936E-03  0.1582E-04
  0.1720E+04 -0.4955E-03  0.2000E-04
  0.1725E+04 -0.6037E-03  0.2449E-04
  0.1730E+04 -0.7177E-03  0.2925E-04
  0.1735E+04 -0.8371E-03  0.3425E-04
  0.1740E+04 -0.9614E-03  0.3944E-04
  0.1745E+04 -0.1090E-02  0.4478E-04
  0.1750E+04 -0.1223E-02  0.5022E-04
  0.1755E+04 -0.1360E-02  0.5571E-04
  0.1760E+04 -0.1501E-02  0.6121E-04
  0.1765E+04 -0.1645E-02  0.6667E-04
  0.1770E+04 -0.1793E-02  0.7205E-04
  0.1775E+04 -0.1943E-02  0.7730E-04
  0.1780E+04 -0.2096E-02  0.8239E-04
  0.1785E+04 -0.2252E-02  0.8728E-04
  0.1790E+04 -0.2411E-02  0.9194E-04
  0.1795E+04 -0.2572E-02  0.9635E-04
  0.1800E+04 -0.2735E-02  0.1005E-03
  0.1805E+04 -0.2901E-02  0.1043E-03
  0.1810E+04 -0.3068E-02  0.1079E-03
  0.1815E+04 -0.3238E-02  0.1110E-03
  0.1820E+04 -0.3409E-02  0.1139E-03
  0.1825E+04 -0.3582E-02  0.1164E-03
  0.1830E+04 -0.3757E-02  0.1185E-03
  0.1835E+04 -0.3934E-02  0.1202E-03
  0.1840E+04 -0.4112E-02  0.1215E-03
  0.1845E+04 -0.4292E-02  0.1224E-03
  0.1850E+04 -0.4474E-02  0.1228E-03
  0.1855E+04 -0.4657E-02  0.1226E-03
  0.1860E+04 -0.4841E-02  0.1220E-03
  0.1865E+04 -0.5027E-02  0.1207E-03
  0.1870E+04 -0.5215E-02  0.1188E-03
  0.1875E+04 -0.5403E-02  0.1163E-03
  0.1880E+04 -0.5594E-02  0.1130E-03
  0.1885E+04 -0.5785E-02  0.1090E-03
  0.1890E+04 -0.5978E-02  0.1042E-03
  0.1895E+04 -0.6172E-02  0.9855E-04
  0.1900E+04 -0.6368E-02  0.9203E-04
  0.1905E+04 -0.6564E-02  0.8459E-04
  0.1910E+04 -0.6762E-02  0.7621E-04
  0.1915E+04 -0.6961E-02  0.6685E-04
  0.1920E+04 -0.7162E-02  0.5649E-04
  0.1925E+04 -0.7363E-02  0.4510E-04
  0.1930E+04 -0.7566E-02  0.3268E-04
  0.1935E+04 -0.7770E-02  0.1920E-04
  0.1940E+04 -0.7975E-02  0.4655E-05
  0.1945E+04 -0.8181E-02 -0.1097E-04
  0.1950E+04 -0.8388E-02 -0.2770E-04
  0.1955E+04 -0.8596E-02 -0.4552E-04
  0.1960E+04 -0.8805E-02 -0.6446E-04
  0.1965E+04 -0.9016E-02 -0.8453E-04
  0.1970E+04 -0.9227E-02 -0.1057E-03
  0.1975E+04 -0.9439E-02 -0.1281E-03
  0.1980E+04 -0.9653E-02 -0.1516E-03
  0.1985E+04 -0.9868E-02 -0.1764E-03
  0.1990E+04 -0.1008E-01 -0.2023E-03
  0.1995E+04 -0.1030E-01 -0.2295E-03
  0.2000E+04 -0.1052E-01 -0.2580E-03
  0.2005E+04 -0.1074E-01 -0.2877E-03
  0.2010E+04 -0.1095E-01 -0.3187E-03
  0.2015E+04 -0.1118E-01 -0.3511E-03
  0.2020E+04 -0.1140E-01 -0.3848E-03
  0.2025E+04 -0.1162E-01 -0.4199E-03
  0.2030E+04 -0.1184E-01 -0.4564E-03
  0.2035E+04 -0.1207E-01 -0.4943E-03
  0.2040E+04 -0.1229E-01 -0.5336E-03
  0.2045E+04 -0.1252E-01 -0.5744E-03
  0.2050E+04 -0.1274E-01 -0.6166E-03
  0.2055E+04 -0.1297E-01 -0.6603E-03
  0.2060E+04 -0.1320E-01 -0.7055E-03
  0.2065E+04 -0.1342E-01 -0.7522E-03
  0.2070E+04 -0.1365E-01 -0.8004E-03
  0.2075E+04 -0.1388E-01 -0.8500E-03
  0.2080E+04 -0.1411E-01 -0.9013E-03
  0.2085E+04 -0.1434E-01 -0.9540E-03
  0.2090E+04 -0.1457E-01 -0.1008E-02
  0.2095E+04 -0.1480E-01 -0.1064E-02
  0.2100E+04 -0.1503E-01 -0.1121E-02
  0.2105E+04 -0.1526E-01 -0.1180E-02
  0.2110E+04 -0.1549E-01 -0.1241E-02
  0.2115E+04 -0.1572E-01 -0.1303E-02
  0.2120E+04 -0.1595E-01 -0.1367E-02
  0.2125E+04 -0.1618E-01 -0.1432E-02
  0.2130E+04 -0.1641E-01 -0.1499E-02
  0.2135E+04 -0.1664E-01 -0.1568E-02
  0.2140E+04 -0.1687E-01 -0.1638E-02
  0.2145E+04 -0.1710E-01 -0.1710E-02
  0.2150E+04 -0.1733E-01 -0.1783E-02
  0.2155E+04 -0.1756E-01 -0.1858E-02
  0.2160E+04 -0.1779E-01 -0.1935E-02
  0.2165E+04 -0.1802E-01 -0.2013E-02
  0.2170E+04 -0.1825E-01 -0.2093E-02
  0.2175E+04 -0.1847E-01 -0.2174E-02
  0.2180E+04 -0.1870E-01 -0.2257E-02
  0.2185E+04 -0.1893E-01 -0.2341E-02
  0.2190E+04 -0.1915E-01 -0.2427E-02
  0.2195E+04 -0.1937E-01 -0.2513E-02
  0.2200E+04 -0.1960E-01 -0.2601E-02
                   
   Partial-wave = D33
   W (MeV)   < MB (nf)|T| MB (ni) > 
  0.1690E+04  0.0000E+00  0.0000E+00
  0.1695E+04  0.0000E+00  0.0000E+00
  0.1700E+04  0.0000E+00  0.0000E+00
  0.1705E+04  0.0000E+00  0.0000E+00
  0.1710E+04  0.0000E+00  0.0000E+00
  0.1715E+04  0.0000E+00  0.0000E+00
  0.1720E+04  0.0000E+00  0.0000E+00
  0.1725E+04  0.0000E+00  0.0000E+00
  0.1730E+04  0.0000E+00  0.0000E+00
  0.1735E+04  0.0000E+00  0.0000E+00
  0.1740E+04  0.0000E+00  0.0000E+00
  0.1745E+04  0.0000E+00  0.0000E+00
  0.1750E+04  0.0000E+00  0.0000E+00
  0.1755E+04  0.0000E+00  0.0000E+00
  0.1760E+04  0.0000E+00  0.0000E+00
  0.1765E+04  0.0000E+00  0.0000E+00
  0.1770E+04  0.0000E+00  0.0000E+00
  0.1775E+04  0.0000E+00  0.0000E+00
  0.1780E+04  0.0000E+00  0.0000E+00
  0.1785E+04  0.0000E+00  0.0000E+00
  0.1790E+04  0.0000E+00  0.0000E+00
  0.1795E+04  0.0000E+00  0.0000E+00
  0.1800E+04  0.0000E+00  0.0000E+00
  0.1805E+04  0.0000E+00  0.0000E+00
  0.1810E+04  0.0000E+00  0.0000E+00
  0.1815E+04  0.0000E+00  0.0000E+00
  0.1820E+04  0.0000E+00  0.0000E+00
  0.1825E+04  0.0000E+00  0.0000E+00
  0.1830E+04  0.0000E+00  0.0000E+00
  0.1835E+04  0.0000E+00  0.0000E+00
  0.1840E+04  0.0000E+00  0.0000E+00
  0.1845E+04  0.0000E+00  0.0000E+00
  0.1850E+04  0.0000E+00  0.0000E+00
  0.1855E+04  0.0000E+00  0.0000E+00
  0.1860E+04  0.0000E+00  0.0000E+00
  0.1865E+04  0.0000E+00  0.0000E+00
  0.1870E+04  0.0000E+00  0.0000E+00
  0.1875E+04  0.0000E+00  0.0000E+00
  0.1880E+04  0.0000E+00  0.0000E+00
  0.1885E+04  0.0000E+00  0.0000E+00
  0.1890E+04  0.0000E+00  0.0000E+00
  0.1895E+04  0.0000E+00  0.0000E+00
  0.1900E+04  0.0000E+00  0.0000E+00
  0.1905E+04  0.0000E+00  0.0000E+00
  0.1910E+04  0.0000E+00  0.0000E+00
  0.1915E+04  0.0000E+00  0.0000E+00
  0.1920E+04  0.0000E+00  0.0000E+00
  0.1925E+04  0.0000E+00  0.0000E+00
  0.1930E+04  0.0000E+00  0.0000E+00
  0.1935E+04  0.0000E+00  0.0000E+00
  0.1940E+04  0.0000E+00  0.0000E+00
  0.1945E+04  0.0000E+00  0.0000E+00
  0.1950E+04  0.0000E+00  0.0000E+00
  0.1955E+04  0.0000E+00  0.0000E+00
  0.1960E+04  0.0000E+00  0.0000E+00
  0.1965E+04  0.0000E+00  0.0000E+00
  0.1970E+04  0.0000E+00  0.0000E+00
  0.1975E+04  0.0000E+00  0.0000E+00
  0.1980E+04  0.0000E+00  0.0000E+00
  0.1985E+04  0.0000E+00  0.0000E+00
  0.1990E+04  0.0000E+00  0.0000E+00
  0.1995E+04  0.0000E+00  0.0000E+00
  0.2000E+04  0.0000E+00  0.0000E+00
  0.2005E+04  0.0000E+00  0.0000E+00
  0.2010E+04  0.0000E+00  0.0000E+00
  0.2015E+04  0.0000E+00  0.0000E+00
  0.2020E+04  0.0000E+00  0.0000E+00
  0.2025E+04  0.0000E+00  0.0000E+00
  0.2030E+04  0.0000E+00  0.0000E+00
  0.2035E+04  0.0000E+00  0.0000E+00
  0.2040E+04  0.0000E+00  0.0000E+00
  0.2045E+04  0.0000E+00  0.0000E+00
  0.2050E+04  0.0000E+00  0.0000E+00
  0.2055E+04  0.0000E+00  0.0000E+00
  0.2060E+04  0.0000E+00  0.0000E+00
  0.2065E+04  0.0000E+00  0.0000E+00
  0.2070E+04  0.0000E+00  0.0000E+00
  0.2075E+04  0.0000E+00  0.0000E+00
  0.2080E+04  0.0000E+00  0.0000E+00
  0.2085E+04  0.0000E+00  0.0000E+00
  0.2090E+04  0.0000E+00  0.0000E+00
  0.2095E+04  0.0000E+00  0.0000E+00
  0.2100E+04  0.0000E+00  0.0000E+00
  0.2105E+04  0.0000E+00  0.0000E+00
  0.2110E+04  0.0000E+00  0.0000E+00
  0.2115E+04  0.0000E+00  0.0000E+00
  0.2120E+04  0.0000E+00  0.0000E+00
  0.2125E+04  0.0000E+00  0.0000E+00
  0.2130E+04  0.0000E+00  0.0000E+00
  0.2135E+04  0.0000E+00  0.0000E+00
  0.2140E+04  0.0000E+00  0.0000E+00
  0.2145E+04  0.0000E+00  0.0000E+00
  0.2150E+04  0.0000E+00  0.0000E+00
  0.2155E+04  0.0000E+00  0.0000E+00
  0.2160E+04  0.0000E+00  0.0000E+00
  0.2165E+04  0.0000E+00  0.0000E+00
  0.2170E+04  0.0000E+00  0.0000E+00
  0.2175E+04  0.0000E+00  0.0000E+00
  0.2180E+04  0.0000E+00  0.0000E+00
  0.2185E+04  0.0000E+00  0.0000E+00
  0.2190E+04  0.0000E+00  0.0000E+00
  0.2195E+04  0.0000E+00  0.0000E+00
  0.2200E+04  0.0000E+00  0.0000E+00
                   
   Partial-wave = D35
   W (MeV)   < MB (nf)|T| MB (ni) > 
  0.1690E+04  0.0000E+00  0.0000E+00
  0.1695E+04  0.0000E+00  0.0000E+00
  0.1700E+04  0.0000E+00  0.0000E+00
  0.1705E+04  0.0000E+00  0.0000E+00
  0.1710E+04  0.0000E+00  0.0000E+00
  0.1715E+04  0.0000E+00  0.0000E+00
  0.1720E+04  0.0000E+00  0.0000E+00
  0.1725E+04  0.0000E+00  0.0000E+00
  0.1730E+04  0.0000E+00  0.0000E+00
  0.1735E+04  0.0000E+00  0.0000E+00
  0.1740E+04  0.0000E+00  0.0000E+00
  0.1745E+04  0.0000E+00  0.0000E+00
  0.1750E+04  0.0000E+00  0.0000E+00
  0.1755E+04  0.0000E+00  0.0000E+00
  0.1760E+04  0.0000E+00  0.0000E+00
  0.1765E+04  0.0000E+00  0.0000E+00
  0.1770E+04  0.0000E+00  0.0000E+00
  0.1775E+04  0.0000E+00  0.0000E+00
  0.1780E+04  0.0000E+00  0.0000E+00
  0.1785E+04  0.0000E+00  0.0000E+00
  0.1790E+04  0.0000E+00  0.0000E+00
  0.1795E+04  0.0000E+00  0.0000E+00
  0.1800E+04  0.0000E+00  0.0000E+00
  0.1805E+04  0.0000E+00  0.0000E+00
  0.1810E+04  0.0000E+00  0.0000E+00
  0.1815E+04  0.0000E+00  0.0000E+00
  0.1820E+04  0.0000E+00  0.0000E+00
  0.1825E+04  0.0000E+00  0.0000E+00
  0.1830E+04  0.0000E+00  0.0000E+00
  0.1835E+04  0.0000E+00  0.0000E+00
  0.1840E+04  0.0000E+00  0.0000E+00
  0.1845E+04  0.0000E+00  0.0000E+00
  0.1850E+04  0.0000E+00  0.0000E+00
  0.1855E+04  0.0000E+00  0.0000E+00
  0.1860E+04  0.0000E+00  0.0000E+00
  0.1865E+04  0.0000E+00  0.0000E+00
  0.1870E+04  0.0000E+00  0.0000E+00
  0.1875E+04  0.0000E+00  0.0000E+00
  0.1880E+04  0.0000E+00  0.0000E+00
  0.1885E+04  0.0000E+00  0.0000E+00
  0.1890E+04  0.0000E+00  0.0000E+00
  0.1895E+04  0.0000E+00  0.0000E+00
  0.1900E+04  0.0000E+00  0.0000E+00
  0.1905E+04  0.0000E+00  0.0000E+00
  0.1910E+04  0.0000E+00  0.0000E+00
  0.1915E+04  0.0000E+00  0.0000E+00
  0.1920E+04  0.0000E+00  0.0000E+00
  0.1925E+04  0.0000E+00  0.0000E+00
  0.1930E+04  0.0000E+00  0.0000E+00
  0.1935E+04  0.0000E+00  0.0000E+00
  0.1940E+04  0.0000E+00  0.0000E+00
  0.1945E+04  0.0000E+00  0.0000E+00
  0.1950E+04  0.0000E+00  0.0000E+00
  0.1955E+04  0.0000E+00  0.0000E+00
  0.1960E+04  0.0000E+00  0.0000E+00
  0.1965E+04  0.0000E+00  0.0000E+00
  0.1970E+04  0.0000E+00  0.0000E+00
  0.1975E+04  0.0000E+00  0.0000E+00
  0.1980E+04  0.0000E+00  0.0000E+00
  0.1985E+04  0.0000E+00  0.0000E+00
  0.1990E+04  0.0000E+00  0.0000E+00
  0.1995E+04  0.0000E+00  0.0000E+00
  0.2000E+04  0.0000E+00  0.0000E+00
  0.2005E+04  0.0000E+00  0.0000E+00
  0.2010E+04  0.0000E+00  0.0000E+00
  0.2015E+04  0.0000E+00  0.0000E+00
  0.2020E+04  0.0000E+00  0.0000E+00
  0.2025E+04  0.0000E+00  0.0000E+00
  0.2030E+04  0.0000E+00  0.0000E+00
  0.2035E+04  0.0000E+00  0.0000E+00
  0.2040E+04  0.0000E+00  0.0000E+00
  0.2045E+04  0.0000E+00  0.0000E+00
  0.2050E+04  0.0000E+00  0.0000E+00
  0.2055E+04  0.0000E+00  0.0000E+00
  0.2060E+04  0.0000E+00  0.0000E+00
  0.2065E+04  0.0000E+00  0.0000E+00
  0.2070E+04  0.0000E+00  0.0000E+00
  0.2075E+04  0.0000E+00  0.0000E+00
  0.2080E+04  0.0000E+00  0.0000E+00
  0.2085E+04  0.0000E+00  0.0000E+00
  0.2090E+04  0.0000E+00  0.0000E+00
  0.2095E+04  0.0000E+00  0.0000E+00
  0.2100E+04  0.0000E+00  0.0000E+00
  0.2105E+04  0.0000E+00  0.0000E+00
  0.2110E+04  0.0000E+00  0.0000E+00
  0.2115E+04  0.0000E+00  0.0000E+00
  0.2120E+04  0.0000E+00  0.0000E+00
  0.2125E+04  0.0000E+00  0.0000E+00
  0.2130E+04  0.0000E+00  0.0000E+00
  0.2135E+04  0.0000E+00  0.0000E+00
  0.2140E+04  0.0000E+00  0.0000E+00
  0.2145E+04  0.0000E+00  0.0000E+00
  0.2150E+04  0.0000E+00  0.0000E+00
  0.2155E+04  0.0000E+00  0.0000E+00
  0.2160E+04  0.0000E+00  0.0000E+00
  0.2165E+04  0.0000E+00  0.0000E+00
  0.2170E+04  0.0000E+00  0.0000E+00
  0.2175E+04  0.0000E+00  0.0000E+00
  0.2180E+04  0.0000E+00  0.0000E+00
  0.2185E+04  0.0000E+00  0.0000E+00
  0.2190E+04  0.0000E+00  0.0000E+00
  0.2195E+04  0.0000E+00  0.0000E+00
  0.2200E+04  0.0000E+00  0.0000E+00
                   
   Partial-wave = F15
   W (MeV)   < MB (nf)|T| MB (ni) > 
  0.1690E+04 -0.2731E-06  0.1853E-06
  0.1695E+04 -0.2739E-05  0.1738E-05
  0.1700E+04 -0.7782E-05  0.4620E-05
  0.1705E+04 -0.1567E-04  0.8721E-05
  0.1710E+04 -0.2669E-04  0.1396E-04
  0.1715E+04 -0.4109E-04  0.2025E-04
  0.1720E+04 -0.5912E-04  0.2753E-04
  0.1725E+04 -0.8098E-04  0.3575E-04
  0.1730E+04 -0.1069E-03  0.4484E-04
  0.1735E+04 -0.1370E-03  0.5476E-04
  0.1740E+04 -0.1715E-03  0.6548E-04
  0.1745E+04 -0.2105E-03  0.7697E-04
  0.1750E+04 -0.2543E-03  0.8919E-04
  0.1755E+04 -0.3029E-03  0.1021E-03
  0.1760E+04 -0.3564E-03  0.1157E-03
  0.1765E+04 -0.4151E-03  0.1300E-03
  0.1770E+04 -0.4790E-03  0.1449E-03
  0.1775E+04 -0.5483E-03  0.1605E-03
  0.1780E+04 -0.6230E-03  0.1766E-03
  0.1785E+04 -0.7033E-03  0.1933E-03
  0.1790E+04 -0.7892E-03  0.2105E-03
  0.1795E+04 -0.8808E-03  0.2282E-03
  0.1800E+04 -0.9782E-03  0.2463E-03
  0.1805E+04 -0.1081E-02  0.2649E-03
  0.1810E+04 -0.1191E-02  0.2839E-03
  0.1815E+04 -0.1306E-02  0.3032E-03
  0.1820E+04 -0.1427E-02  0.3228E-03
  0.1825E+04 -0.1554E-02  0.3427E-03
  0.1830E+04 -0.1688E-02  0.3627E-03
  0.1835E+04 -0.1827E-02  0.3829E-03
  0.1840E+04 -0.1973E-02  0.4032E-03
  0.1845E+04 -0.2125E-02  0.4235E-03
  0.1850E+04 -0.2283E-02  0.4437E-03
  0.1855E+04 -0.2447E-02  0.4639E-03
  0.1860E+04 -0.2618E-02  0.4839E-03
  0.1865E+04 -0.2794E-02  0.5037E-03
  0.1870E+04 -0.2977E-02  0.5231E-03
  0.1875E+04 -0.3166E-02  0.5422E-03
  0.1880E+04 -0.3362E-02  0.5607E-03
  0.1885E+04 -0.3564E-02  0.5788E-03
  0.1890E+04 -0.3772E-02  0.5961E-03
  0.1895E+04 -0.3986E-02  0.6128E-03
  0.1900E+04 -0.4206E-02  0.6286E-03
  0.1905E+04 -0.4433E-02  0.6436E-03
  0.1910E+04 -0.4666E-02  0.6575E-03
  0.1915E+04 -0.4905E-02  0.6703E-03
  0.1920E+04 -0.5151E-02  0.6820E-03
  0.1925E+04 -0.5402E-02  0.6924E-03
  0.1930E+04 -0.5659E-02  0.7014E-03
  0.1935E+04 -0.5923E-02  0.7091E-03
  0.1940E+04 -0.6193E-02  0.7152E-03
  0.1945E+04 -0.6468E-02  0.7197E-03
  0.1950E+04 -0.6750E-02  0.7226E-03
  0.1955E+04 -0.7037E-02  0.7237E-03
  0.1960E+04 -0.7331E-02  0.7230E-03
  0.1965E+04 -0.7630E-02  0.7205E-03
  0.1970E+04 -0.7935E-02  0.7160E-03
  0.1975E+04 -0.8245E-02  0.7095E-03
  0.1980E+04 -0.8561E-02  0.7008E-03
  0.1985E+04 -0.8883E-02  0.6900E-03
  0.1990E+04 -0.9211E-02  0.6770E-03
  0.1995E+04 -0.9544E-02  0.6616E-03
  0.2000E+04 -0.9883E-02  0.6438E-03
  0.2005E+04 -0.1023E-01  0.6234E-03
  0.2010E+04 -0.1058E-01  0.6005E-03
  0.2015E+04 -0.1093E-01  0.5748E-03
  0.2020E+04 -0.1129E-01  0.5463E-03
  0.2025E+04 -0.1166E-01  0.5148E-03
  0.2030E+04 -0.1203E-01  0.4804E-03
  0.2035E+04 -0.1240E-01  0.4427E-03
  0.2040E+04 -0.1278E-01  0.4018E-03
  0.2045E+04 -0.1317E-01  0.3575E-03
  0.2050E+04 -0.1356E-01  0.3096E-03
  0.2055E+04 -0.1395E-01  0.2582E-03
  0.2060E+04 -0.1435E-01  0.2029E-03
  0.2065E+04 -0.1476E-01  0.1438E-03
  0.2070E+04 -0.1516E-01  0.8074E-04
  0.2075E+04 -0.1558E-01  0.1359E-04
  0.2080E+04 -0.1599E-01 -0.5774E-04
  0.2085E+04 -0.1641E-01 -0.1333E-03
  0.2090E+04 -0.1684E-01 -0.2133E-03
  0.2095E+04 -0.1726E-01 -0.2977E-03
  0.2100E+04 -0.1770E-01 -0.3866E-03
  0.2105E+04 -0.1813E-01 -0.4802E-03
  0.2110E+04 -0.1857E-01 -0.5783E-03
  0.2115E+04 -0.1901E-01 -0.6812E-03
  0.2120E+04 -0.1945E-01 -0.7889E-03
  0.2125E+04 -0.1990E-01 -0.9013E-03
  0.2130E+04 -0.2034E-01 -0.1019E-02
  0.2135E+04 -0.2080E-01 -0.1141E-02
  0.2140E+04 -0.2125E-01 -0.1268E-02
  0.2145E+04 -0.2170E-01 -0.1400E-02
  0.2150E+04 -0.2216E-01 -0.1537E-02
  0.2155E+04 -0.2262E-01 -0.1679E-02
  0.2160E+04 -0.2308E-01 -0.1826E-02
  0.2165E+04 -0.2354E-01 -0.1978E-02
  0.2170E+04 -0.2400E-01 -0.2136E-02
  0.2175E+04 -0.2446E-01 -0.2298E-02
  0.2180E+04 -0.2493E-01 -0.2465E-02
  0.2185E+04 -0.2539E-01 -0.2638E-02
  0.2190E+04 -0.2586E-01 -0.2815E-02
  0.2195E+04 -0.2632E-01 -0.2998E-02
  0.2200E+04 -0.2679E-01 -0.3186E-02
                   
   Partial-wave = F17
   W (MeV)   < MB (nf)|T| MB (ni) > 
  0.1690E+04 -0.1357E-06  0.1050E-07
  0.1695E+04 -0.1342E-05  0.9583E-07
  0.1700E+04 -0.3779E-05  0.2477E-06
  0.1705E+04 -0.7578E-05  0.4532E-06
  0.1710E+04 -0.1290E-04  0.6985E-06
  0.1715E+04 -0.1992E-04  0.9679E-06
  0.1720E+04 -0.2880E-04  0.1242E-05
  0.1725E+04 -0.3971E-04  0.1501E-05
  0.1730E+04 -0.5284E-04  0.1718E-05
  0.1735E+04 -0.6833E-04  0.1868E-05
  0.1740E+04 -0.8635E-04  0.1922E-05
  0.1745E+04 -0.1071E-03  0.1847E-05
  0.1750E+04 -0.1306E-03  0.1608E-05
  0.1755E+04 -0.1571E-03  0.1171E-05
  0.1760E+04 -0.1868E-03  0.4943E-06
  0.1765E+04 -0.2196E-03 -0.4623E-06
  0.1770E+04 -0.2559E-03 -0.1744E-05
  0.1775E+04 -0.2956E-03 -0.3398E-05
  0.1780E+04 -0.3390E-03 -0.5476E-05
  0.1785E+04 -0.3860E-03 -0.8032E-05
  0.1790E+04 -0.4368E-03 -0.1113E-04
  0.1795E+04 -0.4914E-03 -0.1482E-04
  0.1800E+04 -0.5500E-03 -0.1919E-04
  0.1805E+04 -0.6126E-03 -0.2429E-04
  0.1810E+04 -0.6793E-03 -0.3022E-04
  0.1815E+04 -0.7501E-03 -0.3705E-04
  0.1820E+04 -0.8250E-03 -0.4486E-04
  0.1825E+04 -0.9041E-03 -0.5377E-04
  0.1830E+04 -0.9874E-03 -0.6386E-04
  0.1835E+04 -0.1075E-02 -0.7523E-04
  0.1840E+04 -0.1167E-02 -0.8799E-04
  0.1845E+04 -0.1263E-02 -0.1023E-03
  0.1850E+04 -0.1363E-02 -0.1181E-03
  0.1855E+04 -0.1467E-02 -0.1357E-03
  0.1860E+04 -0.1575E-02 -0.1552E-03
  0.1865E+04 -0.1688E-02 -0.1766E-03
  0.1870E+04 -0.1804E-02 -0.2000E-03
  0.1875E+04 -0.1924E-02 -0.2256E-03
  0.1880E+04 -0.2048E-02 -0.2535E-03
  0.1885E+04 -0.2176E-02 -0.2838E-03
  0.1890E+04 -0.2307E-02 -0.3166E-03
  0.1895E+04 -0.2442E-02 -0.3520E-03
  0.1900E+04 -0.2580E-02 -0.3900E-03
  0.1905E+04 -0.2722E-02 -0.4308E-03
  0.1910E+04 -0.2867E-02 -0.4745E-03
  0.1915E+04 -0.3014E-02 -0.5211E-03
  0.1920E+04 -0.3165E-02 -0.5706E-03
  0.1925E+04 -0.3318E-02 -0.6233E-03
  0.1930E+04 -0.3473E-02 -0.6790E-03
  0.1935E+04 -0.3631E-02 -0.7379E-03
  0.1940E+04 -0.3791E-02 -0.8000E-03
  0.1945E+04 -0.3953E-02 -0.8653E-03
  0.1950E+04 -0.4117E-02 -0.9340E-03
  0.1955E+04 -0.4283E-02 -0.1006E-02
  0.1960E+04 -0.4450E-02 -0.1081E-02
  0.1965E+04 -0.4619E-02 -0.1159E-02
  0.1970E+04 -0.4789E-02 -0.1241E-02
  0.1975E+04 -0.4960E-02 -0.1326E-02
  0.1980E+04 -0.5131E-02 -0.1414E-02
  0.1985E+04 -0.5304E-02 -0.1506E-02
  0.1990E+04 -0.5477E-02 -0.1600E-02
  0.1995E+04 -0.5651E-02 -0.1698E-02
  0.2000E+04 -0.5825E-02 -0.1799E-02
  0.2005E+04 -0.5999E-02 -0.1904E-02
  0.2010E+04 -0.6173E-02 -0.2011E-02
  0.2015E+04 -0.6348E-02 -0.2122E-02
  0.2020E+04 -0.6522E-02 -0.2236E-02
  0.2025E+04 -0.6696E-02 -0.2353E-02
  0.2030E+04 -0.6869E-02 -0.2474E-02
  0.2035E+04 -0.7041E-02 -0.2599E-02
  0.2040E+04 -0.7213E-02 -0.2726E-02
  0.2045E+04 -0.7383E-02 -0.2857E-02
  0.2050E+04 -0.7552E-02 -0.2992E-02
  0.2055E+04 -0.7719E-02 -0.3131E-02
  0.2060E+04 -0.7884E-02 -0.3273E-02
  0.2065E+04 -0.8047E-02 -0.3418E-02
  0.2070E+04 -0.8207E-02 -0.3567E-02
  0.2075E+04 -0.8363E-02 -0.3720E-02
  0.2080E+04 -0.8516E-02 -0.3875E-02
  0.2085E+04 -0.8665E-02 -0.4033E-02
  0.2090E+04 -0.8810E-02 -0.4194E-02
  0.2095E+04 -0.8950E-02 -0.4357E-02
  0.2100E+04 -0.9085E-02 -0.4522E-02
  0.2105E+04 -0.9214E-02 -0.4689E-02
  0.2110E+04 -0.9338E-02 -0.4856E-02
  0.2115E+04 -0.9456E-02 -0.5024E-02
  0.2120E+04 -0.9569E-02 -0.5191E-02
  0.2125E+04 -0.9676E-02 -0.5358E-02
  0.2130E+04 -0.9777E-02 -0.5523E-02
  0.2135E+04 -0.9872E-02 -0.5686E-02
  0.2140E+04 -0.9962E-02 -0.5847E-02
  0.2145E+04 -0.1005E-01 -0.6005E-02
  0.2150E+04 -0.1013E-01 -0.6158E-02
  0.2155E+04 -0.1021E-01 -0.6308E-02
  0.2160E+04 -0.1028E-01 -0.6454E-02
  0.2165E+04 -0.1035E-01 -0.6594E-02
  0.2170E+04 -0.1042E-01 -0.6731E-02
  0.2175E+04 -0.1048E-01 -0.6862E-02
  0.2180E+04 -0.1055E-01 -0.6989E-02
  0.2185E+04 -0.1061E-01 -0.7111E-02
  0.2190E+04 -0.1068E-01 -0.7230E-02
  0.2195E+04 -0.1074E-01 -0.7344E-02
  0.2200E+04 -0.1081E-01 -0.7455E-02
                   
   Partial-wave = F35
   W (MeV)   < MB (nf)|T| MB (ni) > 
  0.1690E+04  0.0000E+00  0.0000E+00
  0.1695E+04  0.0000E+00  0.0000E+00
  0.1700E+04  0.0000E+00  0.0000E+00
  0.1705E+04  0.0000E+00  0.0000E+00
  0.1710E+04  0.0000E+00  0.0000E+00
  0.1715E+04  0.0000E+00  0.0000E+00
  0.1720E+04  0.0000E+00  0.0000E+00
  0.1725E+04  0.0000E+00  0.0000E+00
  0.1730E+04  0.0000E+00  0.0000E+00
  0.1735E+04  0.0000E+00  0.0000E+00
  0.1740E+04  0.0000E+00  0.0000E+00
  0.1745E+04  0.0000E+00  0.0000E+00
  0.1750E+04  0.0000E+00  0.0000E+00
  0.1755E+04  0.0000E+00  0.0000E+00
  0.1760E+04  0.0000E+00  0.0000E+00
  0.1765E+04  0.0000E+00  0.0000E+00
  0.1770E+04  0.0000E+00  0.0000E+00
  0.1775E+04  0.0000E+00  0.0000E+00
  0.1780E+04  0.0000E+00  0.0000E+00
  0.1785E+04  0.0000E+00  0.0000E+00
  0.1790E+04  0.0000E+00  0.0000E+00
  0.1795E+04  0.0000E+00  0.0000E+00
  0.1800E+04  0.0000E+00  0.0000E+00
  0.1805E+04  0.0000E+00  0.0000E+00
  0.1810E+04  0.0000E+00  0.0000E+00
  0.1815E+04  0.0000E+00  0.0000E+00
  0.1820E+04  0.0000E+00  0.0000E+00
  0.1825E+04  0.0000E+00  0.0000E+00
  0.1830E+04  0.0000E+00  0.0000E+00
  0.1835E+04  0.0000E+00  0.0000E+00
  0.1840E+04  0.0000E+00  0.0000E+00
  0.1845E+04  0.0000E+00  0.0000E+00
  0.1850E+04  0.0000E+00  0.0000E+00
  0.1855E+04  0.0000E+00  0.0000E+00
  0.1860E+04  0.0000E+00  0.0000E+00
  0.1865E+04  0.0000E+00  0.0000E+00
  0.1870E+04  0.0000E+00  0.0000E+00
  0.1875E+04  0.0000E+00  0.0000E+00
  0.1880E+04  0.0000E+00  0.0000E+00
  0.1885E+04  0.0000E+00  0.0000E+00
  0.1890E+04  0.0000E+00  0.0000E+00
  0.1895E+04  0.0000E+00  0.0000E+00
  0.1900E+04  0.0000E+00  0.0000E+00
  0.1905E+04  0.0000E+00  0.0000E+00
  0.1910E+04  0.0000E+00  0.0000E+00
  0.1915E+04  0.0000E+00  0.0000E+00
  0.1920E+04  0.0000E+00  0.0000E+00
  0.1925E+04  0.0000E+00  0.0000E+00
  0.1930E+04  0.0000E+00  0.0000E+00
  0.1935E+04  0.0000E+00  0.0000E+00
  0.1940E+04  0.0000E+00  0.0000E+00
  0.1945E+04  0.0000E+00  0.0000E+00
  0.1950E+04  0.0000E+00  0.0000E+00
  0.1955E+04  0.0000E+00  0.0000E+00
  0.1960E+04  0.0000E+00  0.0000E+00
  0.1965E+04  0.0000E+00  0.0000E+00
  0.1970E+04  0.0000E+00  0.0000E+00
  0.1975E+04  0.0000E+00  0.0000E+00
  0.1980E+04  0.0000E+00  0.0000E+00
  0.1985E+04  0.0000E+00  0.0000E+00
  0.1990E+04  0.0000E+00  0.0000E+00
  0.1995E+04  0.0000E+00  0.0000E+00
  0.2000E+04  0.0000E+00  0.0000E+00
  0.2005E+04  0.0000E+00  0.0000E+00
  0.2010E+04  0.0000E+00  0.0000E+00
  0.2015E+04  0.0000E+00  0.0000E+00
  0.2020E+04  0.0000E+00  0.0000E+00
  0.2025E+04  0.0000E+00  0.0000E+00
  0.2030E+04  0.0000E+00  0.0000E+00
  0.2035E+04  0.0000E+00  0.0000E+00
  0.2040E+04  0.0000E+00  0.0000E+00
  0.2045E+04  0.0000E+00  0.0000E+00
  0.2050E+04  0.0000E+00  0.0000E+00
  0.2055E+04  0.0000E+00  0.0000E+00
  0.2060E+04  0.0000E+00  0.0000E+00
  0.2065E+04  0.0000E+00  0.0000E+00
  0.2070E+04  0.0000E+00  0.0000E+00
  0.2075E+04  0.0000E+00  0.0000E+00
  0.2080E+04  0.0000E+00  0.0000E+00
  0.2085E+04  0.0000E+00  0.0000E+00
  0.2090E+04  0.0000E+00  0.0000E+00
  0.2095E+04  0.0000E+00  0.0000E+00
  0.2100E+04  0.0000E+00  0.0000E+00
  0.2105E+04  0.0000E+00  0.0000E+00
  0.2110E+04  0.0000E+00  0.0000E+00
  0.2115E+04  0.0000E+00  0.0000E+00
  0.2120E+04  0.0000E+00  0.0000E+00
  0.2125E+04  0.0000E+00  0.0000E+00
  0.2130E+04  0.0000E+00  0.0000E+00
  0.2135E+04  0.0000E+00  0.0000E+00
  0.2140E+04  0.0000E+00  0.0000E+00
  0.2145E+04  0.0000E+00  0.0000E+00
  0.2150E+04  0.0000E+00  0.0000E+00
  0.2155E+04  0.0000E+00  0.0000E+00
  0.2160E+04  0.0000E+00  0.0000E+00
  0.2165E+04  0.0000E+00  0.0000E+00
  0.2170E+04  0.0000E+00  0.0000E+00
  0.2175E+04  0.0000E+00  0.0000E+00
  0.2180E+04  0.0000E+00  0.0000E+00
  0.2185E+04  0.0000E+00  0.0000E+00
  0.2190E+04  0.0000E+00  0.0000E+00
  0.2195E+04  0.0000E+00  0.0000E+00
  0.2200E+04  0.0000E+00  0.0000E+00
                   
   Partial-wave = F37
   W (MeV)   < MB (nf)|T| MB (ni) > 
  0.1690E+04  0.0000E+00  0.0000E+00
  0.1695E+04  0.0000E+00  0.0000E+00
  0.1700E+04  0.0000E+00  0.0000E+00
  0.1705E+04  0.0000E+00  0.0000E+00
  0.1710E+04  0.0000E+00  0.0000E+00
  0.1715E+04  0.0000E+00  0.0000E+00
  0.1720E+04  0.0000E+00  0.0000E+00
  0.1725E+04  0.0000E+00  0.0000E+00
  0.1730E+04  0.0000E+00  0.0000E+00
  0.1735E+04  0.0000E+00  0.0000E+00
  0.1740E+04  0.0000E+00  0.0000E+00
  0.1745E+04  0.0000E+00  0.0000E+00
  0.1750E+04  0.0000E+00  0.0000E+00
  0.1755E+04  0.0000E+00  0.0000E+00
  0.1760E+04  0.0000E+00  0.0000E+00
  0.1765E+04  0.0000E+00  0.0000E+00
  0.1770E+04  0.0000E+00  0.0000E+00
  0.1775E+04  0.0000E+00  0.0000E+00
  0.1780E+04  0.0000E+00  0.0000E+00
  0.1785E+04  0.0000E+00  0.0000E+00
  0.1790E+04  0.0000E+00  0.0000E+00
  0.1795E+04  0.0000E+00  0.0000E+00
  0.1800E+04  0.0000E+00  0.0000E+00
  0.1805E+04  0.0000E+00  0.0000E+00
  0.1810E+04  0.0000E+00  0.0000E+00
  0.1815E+04  0.0000E+00  0.0000E+00
  0.1820E+04  0.0000E+00  0.0000E+00
  0.1825E+04  0.0000E+00  0.0000E+00
  0.1830E+04  0.0000E+00  0.0000E+00
  0.1835E+04  0.0000E+00  0.0000E+00
  0.1840E+04  0.0000E+00  0.0000E+00
  0.1845E+04  0.0000E+00  0.0000E+00
  0.1850E+04  0.0000E+00  0.0000E+00
  0.1855E+04  0.0000E+00  0.0000E+00
  0.1860E+04  0.0000E+00  0.0000E+00
  0.1865E+04  0.0000E+00  0.0000E+00
  0.1870E+04  0.0000E+00  0.0000E+00
  0.1875E+04  0.0000E+00  0.0000E+00
  0.1880E+04  0.0000E+00  0.0000E+00
  0.1885E+04  0.0000E+00  0.0000E+00
  0.1890E+04  0.0000E+00  0.0000E+00
  0.1895E+04  0.0000E+00  0.0000E+00
  0.1900E+04  0.0000E+00  0.0000E+00
  0.1905E+04  0.0000E+00  0.0000E+00
  0.1910E+04  0.0000E+00  0.0000E+00
  0.1915E+04  0.0000E+00  0.0000E+00
  0.1920E+04  0.0000E+00  0.0000E+00
  0.1925E+04  0.0000E+00  0.0000E+00
  0.1930E+04  0.0000E+00  0.0000E+00
  0.1935E+04  0.0000E+00  0.0000E+00
  0.1940E+04  0.0000E+00  0.0000E+00
  0.1945E+04  0.0000E+00  0.0000E+00
  0.1950E+04  0.0000E+00  0.0000E+00
  0.1955E+04  0.0000E+00  0.0000E+00
  0.1960E+04  0.0000E+00  0.0000E+00
  0.1965E+04  0.0000E+00  0.0000E+00
  0.1970E+04  0.0000E+00  0.0000E+00
  0.1975E+04  0.0000E+00  0.0000E+00
  0.1980E+04  0.0000E+00  0.0000E+00
  0.1985E+04  0.0000E+00  0.0000E+00
  0.1990E+04  0.0000E+00  0.0000E+00
  0.1995E+04  0.0000E+00  0.0000E+00
  0.2000E+04  0.0000E+00  0.0000E+00
  0.2005E+04  0.0000E+00  0.0000E+00
  0.2010E+04  0.0000E+00  0.0000E+00
  0.2015E+04  0.0000E+00  0.0000E+00
  0.2020E+04  0.0000E+00  0.0000E+00
  0.2025E+04  0.0000E+00  0.0000E+00
  0.2030E+04  0.0000E+00  0.0000E+00
  0.2035E+04  0.0000E+00  0.0000E+00
  0.2040E+04  0.0000E+00  0.0000E+00
  0.2045E+04  0.0000E+00  0.0000E+00
  0.2050E+04  0.0000E+00  0.0000E+00
  0.2055E+04  0.0000E+00  0.0000E+00
  0.2060E+04  0.0000E+00  0.0000E+00
  0.2065E+04  0.0000E+00  0.0000E+00
  0.2070E+04  0.0000E+00  0.0000E+00
  0.2075E+04  0.0000E+00  0.0000E+00
  0.2080E+04  0.0000E+00  0.0000E+00
  0.2085E+04  0.0000E+00  0.0000E+00
  0.2090E+04  0.0000E+00  0.0000E+00
  0.2095E+04  0.0000E+00  0.0000E+00
  0.2100E+04  0.0000E+00  0.0000E+00
  0.2105E+04  0.0000E+00  0.0000E+00
  0.2110E+04  0.0000E+00  0.0000E+00
  0.2115E+04  0.0000E+00  0.0000E+00
  0.2120E+04  0.0000E+00  0.0000E+00
  0.2125E+04  0.0000E+00  0.0000E+00
  0.2130E+04  0.0000E+00  0.0000E+00
  0.2135E+04  0.0000E+00  0.0000E+00
  0.2140E+04  0.0000E+00  0.0000E+00
  0.2145E+04  0.0000E+00  0.0000E+00
  0.2150E+04  0.0000E+00  0.0000E+00
  0.2155E+04  0.0000E+00  0.0000E+00
  0.2160E+04  0.0000E+00  0.0000E+00
  0.2165E+04  0.0000E+00  0.0000E+00
  0.2170E+04  0.0000E+00  0.0000E+00
  0.2175E+04  0.0000E+00  0.0000E+00
  0.2180E+04  0.0000E+00  0.0000E+00
  0.2185E+04  0.0000E+00  0.0000E+00
  0.2190E+04  0.0000E+00  0.0000E+00
  0.2195E+04  0.0000E+00  0.0000E+00
  0.2200E+04  0.0000E+00  0.0000E+00
                   
   Partial-wave = G17
   W (MeV)   < MB (nf)|T| MB (ni) > 
  0.1690E+04 -0.2739E-08  0.7947E-09
  0.1695E+04 -0.5114E-07  0.1458E-07
  0.1700E+04 -0.1902E-06  0.5328E-07
  0.1705E+04 -0.4578E-06  0.1259E-06
  0.1710E+04 -0.8936E-06  0.2413E-06
  0.1715E+04 -0.1540E-05  0.4085E-06
  0.1720E+04 -0.2441E-05  0.6363E-06
  0.1725E+04 -0.3646E-05  0.9337E-06
  0.1730E+04 -0.5203E-05  0.1310E-05
  0.1735E+04 -0.7164E-05  0.1774E-05
  0.1740E+04 -0.9583E-05  0.2335E-05
  0.1745E+04 -0.1251E-04  0.3002E-05
  0.1750E+04 -0.1601E-04  0.3784E-05
  0.1755E+04 -0.2014E-04  0.4689E-05
  0.1760E+04 -0.2494E-04  0.5728E-05
  0.1765E+04 -0.3049E-04  0.6907E-05
  0.1770E+04 -0.3683E-04  0.8236E-05
  0.1775E+04 -0.4403E-04  0.9722E-05
  0.1780E+04 -0.5213E-04  0.1137E-04
  0.1785E+04 -0.6120E-04  0.1320E-04
  0.1790E+04 -0.7130E-04  0.1520E-04
  0.1795E+04 -0.8247E-04  0.1739E-04
  0.1800E+04 -0.9476E-04  0.1976E-04
  0.1805E+04 -0.1082E-03  0.2233E-04
  0.1810E+04 -0.1229E-03  0.2511E-04
  0.1815E+04 -0.1389E-03  0.2808E-04
  0.1820E+04 -0.1563E-03  0.3126E-04
  0.1825E+04 -0.1749E-03  0.3465E-04
  0.1830E+04 -0.1951E-03  0.3824E-04
  0.1835E+04 -0.2167E-03  0.4205E-04
  0.1840E+04 -0.2398E-03  0.4606E-04
  0.1845E+04 -0.2645E-03  0.5028E-04
  0.1850E+04 -0.2907E-03  0.5470E-04
  0.1855E+04 -0.3187E-03  0.5933E-04
  0.1860E+04 -0.3483E-03  0.6416E-04
  0.1865E+04 -0.3797E-03  0.6918E-04
  0.1870E+04 -0.4129E-03  0.7439E-04
  0.1875E+04 -0.4479E-03  0.7978E-04
  0.1880E+04 -0.4848E-03  0.8536E-04
  0.1885E+04 -0.5236E-03  0.9110E-04
  0.1890E+04 -0.5644E-03  0.9700E-04
  0.1895E+04 -0.6072E-03  0.1031E-03
  0.1900E+04 -0.6520E-03  0.1093E-03
  0.1905E+04 -0.6989E-03  0.1156E-03
  0.1910E+04 -0.7479E-03  0.1221E-03
  0.1915E+04 -0.7991E-03  0.1287E-03
  0.1920E+04 -0.8525E-03  0.1354E-03
  0.1925E+04 -0.9081E-03  0.1423E-03
  0.1930E+04 -0.9660E-03  0.1492E-03
  0.1935E+04 -0.1026E-02  0.1562E-03
  0.1940E+04 -0.1089E-02  0.1633E-03
  0.1945E+04 -0.1154E-02  0.1705E-03
  0.1950E+04 -0.1221E-02  0.1777E-03
  0.1955E+04 -0.1291E-02  0.1850E-03
  0.1960E+04 -0.1363E-02  0.1923E-03
  0.1965E+04 -0.1438E-02  0.1997E-03
  0.1970E+04 -0.1515E-02  0.2070E-03
  0.1975E+04 -0.1595E-02  0.2144E-03
  0.1980E+04 -0.1678E-02  0.2217E-03
  0.1985E+04 -0.1763E-02  0.2291E-03
  0.1990E+04 -0.1851E-02  0.2363E-03
  0.1995E+04 -0.1942E-02  0.2435E-03
  0.2000E+04 -0.2035E-02  0.2506E-03
  0.2005E+04 -0.2132E-02  0.2577E-03
  0.2010E+04 -0.2230E-02  0.2645E-03
  0.2015E+04 -0.2332E-02  0.2712E-03
  0.2020E+04 -0.2437E-02  0.2777E-03
  0.2025E+04 -0.2544E-02  0.2840E-03
  0.2030E+04 -0.2655E-02  0.2900E-03
  0.2035E+04 -0.2768E-02  0.2957E-03
  0.2040E+04 -0.2884E-02  0.3011E-03
  0.2045E+04 -0.3003E-02  0.3061E-03
  0.2050E+04 -0.3125E-02  0.3106E-03
  0.2055E+04 -0.3250E-02  0.3147E-03
  0.2060E+04 -0.3378E-02  0.3183E-03
  0.2065E+04 -0.3509E-02  0.3213E-03
  0.2070E+04 -0.3643E-02  0.3238E-03
  0.2075E+04 -0.3780E-02  0.3255E-03
  0.2080E+04 -0.3920E-02  0.3266E-03
  0.2085E+04 -0.4063E-02  0.3269E-03
  0.2090E+04 -0.4208E-02  0.3264E-03
  0.2095E+04 -0.4357E-02  0.3251E-03
  0.2100E+04 -0.4509E-02  0.3228E-03
  0.2105E+04 -0.4663E-02  0.3196E-03
  0.2110E+04 -0.4820E-02  0.3155E-03
  0.2115E+04 -0.4980E-02  0.3103E-03
  0.2120E+04 -0.5143E-02  0.3040E-03
  0.2125E+04 -0.5308E-02  0.2966E-03
  0.2130E+04 -0.5476E-02  0.2881E-03
  0.2135E+04 -0.5647E-02  0.2784E-03
  0.2140E+04 -0.5821E-02  0.2675E-03
  0.2145E+04 -0.5997E-02  0.2554E-03
  0.2150E+04 -0.6175E-02  0.2420E-03
  0.2155E+04 -0.6356E-02  0.2274E-03
  0.2160E+04 -0.6539E-02  0.2115E-03
  0.2165E+04 -0.6725E-02  0.1943E-03
  0.2170E+04 -0.6913E-02  0.1758E-03
  0.2175E+04 -0.7104E-02  0.1560E-03
  0.2180E+04 -0.7297E-02  0.1348E-03
  0.2185E+04 -0.7492E-02  0.1124E-03
  0.2190E+04 -0.7689E-02  0.8860E-04
  0.2195E+04 -0.7888E-02  0.6347E-04
  0.2200E+04 -0.8090E-02  0.3699E-04
                   
   Partial-wave = G19
   W (MeV)   < MB (nf)|T| MB (ni) > 
  0.1690E+04 -0.1626E-08  0.2153E-09
  0.1695E+04 -0.3025E-07  0.3922E-08
  0.1700E+04 -0.1122E-06  0.1422E-07
  0.1705E+04 -0.2691E-06  0.3332E-07
  0.1710E+04 -0.5236E-06  0.6330E-07
  0.1715E+04 -0.8997E-06  0.1061E-06
  0.1720E+04 -0.1423E-05  0.1638E-06
  0.1725E+04 -0.2119E-05  0.2380E-06
  0.1730E+04 -0.3017E-05  0.3305E-06
  0.1735E+04 -0.4145E-05  0.4429E-06
  0.1740E+04 -0.5533E-05  0.5768E-06
  0.1745E+04 -0.7211E-05  0.7335E-06
  0.1750E+04 -0.9212E-05  0.9144E-06
  0.1755E+04 -0.1157E-04  0.1120E-05
  0.1760E+04 -0.1431E-04  0.1353E-05
  0.1765E+04 -0.1747E-04  0.1612E-05
  0.1770E+04 -0.2108E-04  0.1898E-05
  0.1775E+04 -0.2518E-04  0.2212E-05
  0.1780E+04 -0.2980E-04  0.2553E-05
  0.1785E+04 -0.3497E-04  0.2919E-05
  0.1790E+04 -0.4073E-04  0.3311E-05
  0.1795E+04 -0.4710E-04  0.3725E-05
  0.1800E+04 -0.5413E-04  0.4160E-05
  0.1805E+04 -0.6184E-04  0.4611E-05
  0.1810E+04 -0.7027E-04  0.5074E-05
  0.1815E+04 -0.7945E-04  0.5545E-05
  0.1820E+04 -0.8941E-04  0.6016E-05
  0.1825E+04 -0.1002E-03  0.6480E-05
  0.1830E+04 -0.1118E-03  0.6929E-05
  0.1835E+04 -0.1243E-03  0.7353E-05
  0.1840E+04 -0.1377E-03  0.7740E-05
  0.1845E+04 -0.1521E-03  0.8079E-05
  0.1850E+04 -0.1674E-03  0.8355E-05
  0.1855E+04 -0.1837E-03  0.8553E-05
  0.1860E+04 -0.2011E-03  0.8656E-05
  0.1865E+04 -0.2195E-03  0.8647E-05
  0.1870E+04 -0.2390E-03  0.8505E-05
  0.1875E+04 -0.2596E-03  0.8208E-05
  0.1880E+04 -0.2814E-03  0.7736E-05
  0.1885E+04 -0.3043E-03  0.7063E-05
  0.1890E+04 -0.3285E-03  0.6164E-05
  0.1895E+04 -0.3539E-03  0.5010E-05
  0.1900E+04 -0.3805E-03  0.3575E-05
  0.1905E+04 -0.4083E-03  0.1826E-05
  0.1910E+04 -0.4375E-03 -0.2671E-06
  0.1915E+04 -0.4680E-03 -0.2739E-05
  0.1920E+04 -0.4998E-03 -0.5625E-05
  0.1925E+04 -0.5330E-03 -0.8961E-05
  0.1930E+04 -0.5675E-03 -0.1279E-04
  0.1935E+04 -0.6033E-03 -0.1714E-04
  0.1940E+04 -0.6406E-03 -0.2207E-04
  0.1945E+04 -0.6792E-03 -0.2761E-04
  0.1950E+04 -0.7193E-03 -0.3381E-04
  0.1955E+04 -0.7607E-03 -0.4072E-04
  0.1960E+04 -0.8036E-03 -0.4838E-04
  0.1965E+04 -0.8478E-03 -0.5684E-04
  0.1970E+04 -0.8935E-03 -0.6616E-04
  0.1975E+04 -0.9405E-03 -0.7639E-04
  0.1980E+04 -0.9889E-03 -0.8758E-04
  0.1985E+04 -0.1039E-02 -0.9980E-04
  0.1990E+04 -0.1090E-02 -0.1131E-03
  0.1995E+04 -0.1142E-02 -0.1276E-03
  0.2000E+04 -0.1196E-02 -0.1433E-03
  0.2005E+04 -0.1251E-02 -0.1602E-03
  0.2010E+04 -0.1308E-02 -0.1786E-03
  0.2015E+04 -0.1365E-02 -0.1984E-03
  0.2020E+04 -0.1424E-02 -0.2198E-03
  0.2025E+04 -0.1484E-02 -0.2428E-03
  0.2030E+04 -0.1545E-02 -0.2675E-03
  0.2035E+04 -0.1607E-02 -0.2941E-03
  0.2040E+04 -0.1670E-02 -0.3227E-03
  0.2045E+04 -0.1733E-02 -0.3533E-03
  0.2050E+04 -0.1798E-02 -0.3861E-03
  0.2055E+04 -0.1862E-02 -0.4211E-03
  0.2060E+04 -0.1927E-02 -0.4584E-03
  0.2065E+04 -0.1992E-02 -0.4982E-03
  0.2070E+04 -0.2058E-02 -0.5405E-03
  0.2075E+04 -0.2122E-02 -0.5852E-03
  0.2080E+04 -0.2187E-02 -0.6325E-03
  0.2085E+04 -0.2250E-02 -0.6822E-03
  0.2090E+04 -0.2312E-02 -0.7344E-03
  0.2095E+04 -0.2373E-02 -0.7888E-03
  0.2100E+04 -0.2432E-02 -0.8454E-03
  0.2105E+04 -0.2489E-02 -0.9039E-03
  0.2110E+04 -0.2544E-02 -0.9642E-03
  0.2115E+04 -0.2597E-02 -0.1026E-02
  0.2120E+04 -0.2647E-02 -0.1089E-02
  0.2125E+04 -0.2694E-02 -0.1152E-02
  0.2130E+04 -0.2739E-02 -0.1216E-02
  0.2135E+04 -0.2782E-02 -0.1280E-02
  0.2140E+04 -0.2821E-02 -0.1344E-02
  0.2145E+04 -0.2859E-02 -0.1407E-02
  0.2150E+04 -0.2894E-02 -0.1470E-02
  0.2155E+04 -0.2927E-02 -0.1531E-02
  0.2160E+04 -0.2959E-02 -0.1591E-02
  0.2165E+04 -0.2989E-02 -0.1650E-02
  0.2170E+04 -0.3018E-02 -0.1708E-02
  0.2175E+04 -0.3045E-02 -0.1764E-02
  0.2180E+04 -0.3072E-02 -0.1818E-02
  0.2185E+04 -0.3099E-02 -0.1871E-02
  0.2190E+04 -0.3125E-02 -0.1924E-02
  0.2195E+04 -0.3151E-02 -0.1975E-02
  0.2200E+04 -0.3177E-02 -0.2025E-02
                   
   Partial-wave = G37
   W (MeV)   < MB (nf)|T| MB (ni) > 
  0.1690E+04  0.0000E+00  0.0000E+00
  0.1695E+04  0.0000E+00  0.0000E+00
  0.1700E+04  0.0000E+00  0.0000E+00
  0.1705E+04  0.0000E+00  0.0000E+00
  0.1710E+04  0.0000E+00  0.0000E+00
  0.1715E+04  0.0000E+00  0.0000E+00
  0.1720E+04  0.0000E+00  0.0000E+00
  0.1725E+04  0.0000E+00  0.0000E+00
  0.1730E+04  0.0000E+00  0.0000E+00
  0.1735E+04  0.0000E+00  0.0000E+00
  0.1740E+04  0.0000E+00  0.0000E+00
  0.1745E+04  0.0000E+00  0.0000E+00
  0.1750E+04  0.0000E+00  0.0000E+00
  0.1755E+04  0.0000E+00  0.0000E+00
  0.1760E+04  0.0000E+00  0.0000E+00
  0.1765E+04  0.0000E+00  0.0000E+00
  0.1770E+04  0.0000E+00  0.0000E+00
  0.1775E+04  0.0000E+00  0.0000E+00
  0.1780E+04  0.0000E+00  0.0000E+00
  0.1785E+04  0.0000E+00  0.0000E+00
  0.1790E+04  0.0000E+00  0.0000E+00
  0.1795E+04  0.0000E+00  0.0000E+00
  0.1800E+04  0.0000E+00  0.0000E+00
  0.1805E+04  0.0000E+00  0.0000E+00
  0.1810E+04  0.0000E+00  0.0000E+00
  0.1815E+04  0.0000E+00  0.0000E+00
  0.1820E+04  0.0000E+00  0.0000E+00
  0.1825E+04  0.0000E+00  0.0000E+00
  0.1830E+04  0.0000E+00  0.0000E+00
  0.1835E+04  0.0000E+00  0.0000E+00
  0.1840E+04  0.0000E+00  0.0000E+00
  0.1845E+04  0.0000E+00  0.0000E+00
  0.1850E+04  0.0000E+00  0.0000E+00
  0.1855E+04  0.0000E+00  0.0000E+00
  0.1860E+04  0.0000E+00  0.0000E+00
  0.1865E+04  0.0000E+00  0.0000E+00
  0.1870E+04  0.0000E+00  0.0000E+00
  0.1875E+04  0.0000E+00  0.0000E+00
  0.1880E+04  0.0000E+00  0.0000E+00
  0.1885E+04  0.0000E+00  0.0000E+00
  0.1890E+04  0.0000E+00  0.0000E+00
  0.1895E+04  0.0000E+00  0.0000E+00
  0.1900E+04  0.0000E+00  0.0000E+00
  0.1905E+04  0.0000E+00  0.0000E+00
  0.1910E+04  0.0000E+00  0.0000E+00
  0.1915E+04  0.0000E+00  0.0000E+00
  0.1920E+04  0.0000E+00  0.0000E+00
  0.1925E+04  0.0000E+00  0.0000E+00
  0.1930E+04  0.0000E+00  0.0000E+00
  0.1935E+04  0.0000E+00  0.0000E+00
  0.1940E+04  0.0000E+00  0.0000E+00
  0.1945E+04  0.0000E+00  0.0000E+00
  0.1950E+04  0.0000E+00  0.0000E+00
  0.1955E+04  0.0000E+00  0.0000E+00
  0.1960E+04  0.0000E+00  0.0000E+00
  0.1965E+04  0.0000E+00  0.0000E+00
  0.1970E+04  0.0000E+00  0.0000E+00
  0.1975E+04  0.0000E+00  0.0000E+00
  0.1980E+04  0.0000E+00  0.0000E+00
  0.1985E+04  0.0000E+00  0.0000E+00
  0.1990E+04  0.0000E+00  0.0000E+00
  0.1995E+04  0.0000E+00  0.0000E+00
  0.2000E+04  0.0000E+00  0.0000E+00
  0.2005E+04  0.0000E+00  0.0000E+00
  0.2010E+04  0.0000E+00  0.0000E+00
  0.2015E+04  0.0000E+00  0.0000E+00
  0.2020E+04  0.0000E+00  0.0000E+00
  0.2025E+04  0.0000E+00  0.0000E+00
  0.2030E+04  0.0000E+00  0.0000E+00
  0.2035E+04  0.0000E+00  0.0000E+00
  0.2040E+04  0.0000E+00  0.0000E+00
  0.2045E+04  0.0000E+00  0.0000E+00
  0.2050E+04  0.0000E+00  0.0000E+00
  0.2055E+04  0.0000E+00  0.0000E+00
  0.2060E+04  0.0000E+00  0.0000E+00
  0.2065E+04  0.0000E+00  0.0000E+00
  0.2070E+04  0.0000E+00  0.0000E+00
  0.2075E+04  0.0000E+00  0.0000E+00
  0.2080E+04  0.0000E+00  0.0000E+00
  0.2085E+04  0.0000E+00  0.0000E+00
  0.2090E+04  0.0000E+00  0.0000E+00
  0.2095E+04  0.0000E+00  0.0000E+00
  0.2100E+04  0.0000E+00  0.0000E+00
  0.2105E+04  0.0000E+00  0.0000E+00
  0.2110E+04  0.0000E+00  0.0000E+00
  0.2115E+04  0.0000E+00  0.0000E+00
  0.2120E+04  0.0000E+00  0.0000E+00
  0.2125E+04  0.0000E+00  0.0000E+00
  0.2130E+04  0.0000E+00  0.0000E+00
  0.2135E+04  0.0000E+00  0.0000E+00
  0.2140E+04  0.0000E+00  0.0000E+00
  0.2145E+04  0.0000E+00  0.0000E+00
  0.2150E+04  0.0000E+00  0.0000E+00
  0.2155E+04  0.0000E+00  0.0000E+00
  0.2160E+04  0.0000E+00  0.0000E+00
  0.2165E+04  0.0000E+00  0.0000E+00
  0.2170E+04  0.0000E+00  0.0000E+00
  0.2175E+04  0.0000E+00  0.0000E+00
  0.2180E+04  0.0000E+00  0.0000E+00
  0.2185E+04  0.0000E+00  0.0000E+00
  0.2190E+04  0.0000E+00  0.0000E+00
  0.2195E+04  0.0000E+00  0.0000E+00
  0.2200E+04  0.0000E+00  0.0000E+00
                   
   Partial-wave = G39
   W (MeV)   < MB (nf)|T| MB (ni) > 
  0.1690E+04  0.0000E+00  0.0000E+00
  0.1695E+04  0.0000E+00  0.0000E+00
  0.1700E+04  0.0000E+00  0.0000E+00
  0.1705E+04  0.0000E+00  0.0000E+00
  0.1710E+04  0.0000E+00  0.0000E+00
  0.1715E+04  0.0000E+00  0.0000E+00
  0.1720E+04  0.0000E+00  0.0000E+00
  0.1725E+04  0.0000E+00  0.0000E+00
  0.1730E+04  0.0000E+00  0.0000E+00
  0.1735E+04  0.0000E+00  0.0000E+00
  0.1740E+04  0.0000E+00  0.0000E+00
  0.1745E+04  0.0000E+00  0.0000E+00
  0.1750E+04  0.0000E+00  0.0000E+00
  0.1755E+04  0.0000E+00  0.0000E+00
  0.1760E+04  0.0000E+00  0.0000E+00
  0.1765E+04  0.0000E+00  0.0000E+00
  0.1770E+04  0.0000E+00  0.0000E+00
  0.1775E+04  0.0000E+00  0.0000E+00
  0.1780E+04  0.0000E+00  0.0000E+00
  0.1785E+04  0.0000E+00  0.0000E+00
  0.1790E+04  0.0000E+00  0.0000E+00
  0.1795E+04  0.0000E+00  0.0000E+00
  0.1800E+04  0.0000E+00  0.0000E+00
  0.1805E+04  0.0000E+00  0.0000E+00
  0.1810E+04  0.0000E+00  0.0000E+00
  0.1815E+04  0.0000E+00  0.0000E+00
  0.1820E+04  0.0000E+00  0.0000E+00
  0.1825E+04  0.0000E+00  0.0000E+00
  0.1830E+04  0.0000E+00  0.0000E+00
  0.1835E+04  0.0000E+00  0.0000E+00
  0.1840E+04  0.0000E+00  0.0000E+00
  0.1845E+04  0.0000E+00  0.0000E+00
  0.1850E+04  0.0000E+00  0.0000E+00
  0.1855E+04  0.0000E+00  0.0000E+00
  0.1860E+04  0.0000E+00  0.0000E+00
  0.1865E+04  0.0000E+00  0.0000E+00
  0.1870E+04  0.0000E+00  0.0000E+00
  0.1875E+04  0.0000E+00  0.0000E+00
  0.1880E+04  0.0000E+00  0.0000E+00
  0.1885E+04  0.0000E+00  0.0000E+00
  0.1890E+04  0.0000E+00  0.0000E+00
  0.1895E+04  0.0000E+00  0.0000E+00
  0.1900E+04  0.0000E+00  0.0000E+00
  0.1905E+04  0.0000E+00  0.0000E+00
  0.1910E+04  0.0000E+00  0.0000E+00
  0.1915E+04  0.0000E+00  0.0000E+00
  0.1920E+04  0.0000E+00  0.0000E+00
  0.1925E+04  0.0000E+00  0.0000E+00
  0.1930E+04  0.0000E+00  0.0000E+00
  0.1935E+04  0.0000E+00  0.0000E+00
  0.1940E+04  0.0000E+00  0.0000E+00
  0.1945E+04  0.0000E+00  0.0000E+00
  0.1950E+04  0.0000E+00  0.0000E+00
  0.1955E+04  0.0000E+00  0.0000E+00
  0.1960E+04  0.0000E+00  0.0000E+00
  0.1965E+04  0.0000E+00  0.0000E+00
  0.1970E+04  0.0000E+00  0.0000E+00
  0.1975E+04  0.0000E+00  0.0000E+00
  0.1980E+04  0.0000E+00  0.0000E+00
  0.1985E+04  0.0000E+00  0.0000E+00
  0.1990E+04  0.0000E+00  0.0000E+00
  0.1995E+04  0.0000E+00  0.0000E+00
  0.2000E+04  0.0000E+00  0.0000E+00
  0.2005E+04  0.0000E+00  0.0000E+00
  0.2010E+04  0.0000E+00  0.0000E+00
  0.2015E+04  0.0000E+00  0.0000E+00
  0.2020E+04  0.0000E+00  0.0000E+00
  0.2025E+04  0.0000E+00  0.0000E+00
  0.2030E+04  0.0000E+00  0.0000E+00
  0.2035E+04  0.0000E+00  0.0000E+00
  0.2040E+04  0.0000E+00  0.0000E+00
  0.2045E+04  0.0000E+00  0.0000E+00
  0.2050E+04  0.0000E+00  0.0000E+00
  0.2055E+04  0.0000E+00  0.0000E+00
  0.2060E+04  0.0000E+00  0.0000E+00
  0.2065E+04  0.0000E+00  0.0000E+00
  0.2070E+04  0.0000E+00  0.0000E+00
  0.2075E+04  0.0000E+00  0.0000E+00
  0.2080E+04  0.0000E+00  0.0000E+00
  0.2085E+04  0.0000E+00  0.0000E+00
  0.2090E+04  0.0000E+00  0.0000E+00
  0.2095E+04  0.0000E+00  0.0000E+00
  0.2100E+04  0.0000E+00  0.0000E+00
  0.2105E+04  0.0000E+00  0.0000E+00
  0.2110E+04  0.0000E+00  0.0000E+00
  0.2115E+04  0.0000E+00  0.0000E+00
  0.2120E+04  0.0000E+00  0.0000E+00
  0.2125E+04  0.0000E+00  0.0000E+00
  0.2130E+04  0.0000E+00  0.0000E+00
  0.2135E+04  0.0000E+00  0.0000E+00
  0.2140E+04  0.0000E+00  0.0000E+00
  0.2145E+04  0.0000E+00  0.0000E+00
  0.2150E+04  0.0000E+00  0.0000E+00
  0.2155E+04  0.0000E+00  0.0000E+00
  0.2160E+04  0.0000E+00  0.0000E+00
  0.2165E+04  0.0000E+00  0.0000E+00
  0.2170E+04  0.0000E+00  0.0000E+00
  0.2175E+04  0.0000E+00  0.0000E+00
  0.2180E+04  0.0000E+00  0.0000E+00
  0.2185E+04  0.0000E+00  0.0000E+00
  0.2190E+04  0.0000E+00  0.0000E+00
  0.2195E+04  0.0000E+00  0.0000E+00
  0.2200E+04  0.0000E+00  0.0000E+00
                   
   Partial-wave = H19
   W (MeV)   < MB (nf)|T| MB (ni) > 
  0.1690E+04 -0.3277E-10  0.9099E-11
  0.1695E+04 -0.1149E-08  0.3213E-09
  0.1700E+04 -0.5725E-08  0.1581E-08
  0.1705E+04 -0.1676E-07  0.4571E-08
  0.1710E+04 -0.3799E-07  0.1025E-07
  0.1715E+04 -0.7394E-07  0.1974E-07
  0.1720E+04 -0.1300E-06  0.3440E-07
  0.1725E+04 -0.2123E-06  0.5577E-07
  0.1730E+04 -0.3280E-06  0.8562E-07
  0.1735E+04 -0.4850E-06  0.1259E-06
  0.1740E+04 -0.6921E-06  0.1789E-06
  0.1745E+04 -0.9588E-06  0.2471E-06
  0.1750E+04 -0.1295E-05  0.3329E-06
  0.1755E+04 -0.1713E-05  0.4394E-06
  0.1760E+04 -0.2224E-05  0.5695E-06
  0.1765E+04 -0.2840E-05  0.7264E-06
  0.1770E+04 -0.3574E-05  0.9133E-06
  0.1775E+04 -0.4441E-05  0.1134E-05
  0.1780E+04 -0.5453E-05  0.1391E-05
  0.1785E+04 -0.6625E-05  0.1689E-05
  0.1790E+04 -0.7973E-05  0.2030E-05
  0.1795E+04 -0.9512E-05  0.2419E-05
  0.1800E+04 -0.1126E-04  0.2858E-05
  0.1805E+04 -0.1322E-04  0.3351E-05
  0.1810E+04 -0.1543E-04  0.3901E-05
  0.1815E+04 -0.1789E-04  0.4512E-05
  0.1820E+04 -0.2062E-04  0.5185E-05
  0.1825E+04 -0.2365E-04  0.5924E-05
  0.1830E+04 -0.2697E-04  0.6731E-05
  0.1835E+04 -0.3062E-04  0.7608E-05
  0.1840E+04 -0.3462E-04  0.8557E-05
  0.1845E+04 -0.3897E-04  0.9581E-05
  0.1850E+04 -0.4370E-04  0.1068E-04
  0.1855E+04 -0.4883E-04  0.1186E-04
  0.1860E+04 -0.5438E-04  0.1312E-04
  0.1865E+04 -0.6036E-04  0.1445E-04
  0.1870E+04 -0.6680E-04  0.1587E-04
  0.1875E+04 -0.7371E-04  0.1737E-04
  0.1880E+04 -0.8111E-04  0.1896E-04
  0.1885E+04 -0.8903E-04  0.2063E-04
  0.1890E+04 -0.9749E-04  0.2238E-04
  0.1895E+04 -0.1065E-03  0.2422E-04
  0.1900E+04 -0.1161E-03  0.2614E-04
  0.1905E+04 -0.1263E-03  0.2814E-04
  0.1910E+04 -0.1370E-03  0.3024E-04
  0.1915E+04 -0.1485E-03  0.3241E-04
  0.1920E+04 -0.1606E-03  0.3468E-04
  0.1925E+04 -0.1733E-03  0.3702E-04
  0.1930E+04 -0.1868E-03  0.3946E-04
  0.1935E+04 -0.2009E-03  0.4198E-04
  0.1940E+04 -0.2158E-03  0.4458E-04
  0.1945E+04 -0.2314E-03  0.4727E-04
  0.1950E+04 -0.2478E-03  0.5004E-04
  0.1955E+04 -0.2650E-03  0.5290E-04
  0.1960E+04 -0.2830E-03  0.5585E-04
  0.1965E+04 -0.3018E-03  0.5888E-04
  0.1970E+04 -0.3214E-03  0.6199E-04
  0.1975E+04 -0.3419E-03  0.6518E-04
  0.1980E+04 -0.3632E-03  0.6846E-04
  0.1985E+04 -0.3854E-03  0.7182E-04
  0.1990E+04 -0.4085E-03  0.7526E-04
  0.1995E+04 -0.4325E-03  0.7878E-04
  0.2000E+04 -0.4574E-03  0.8239E-04
  0.2005E+04 -0.4833E-03  0.8607E-04
  0.2010E+04 -0.5100E-03  0.8983E-04
  0.2015E+04 -0.5378E-03  0.9367E-04
  0.2020E+04 -0.5665E-03  0.9759E-04
  0.2025E+04 -0.5962E-03  0.1016E-03
  0.2030E+04 -0.6268E-03  0.1057E-03
  0.2035E+04 -0.6585E-03  0.1098E-03
  0.2040E+04 -0.6912E-03  0.1140E-03
  0.2045E+04 -0.7249E-03  0.1183E-03
  0.2050E+04 -0.7597E-03  0.1226E-03
  0.2055E+04 -0.7955E-03  0.1270E-03
  0.2060E+04 -0.8324E-03  0.1315E-03
  0.2065E+04 -0.8703E-03  0.1360E-03
  0.2070E+04 -0.9093E-03  0.1406E-03
  0.2075E+04 -0.9494E-03  0.1453E-03
  0.2080E+04 -0.9906E-03  0.1499E-03
  0.2085E+04 -0.1033E-02  0.1547E-03
  0.2090E+04 -0.1076E-02  0.1594E-03
  0.2095E+04 -0.1121E-02  0.1642E-03
  0.2100E+04 -0.1167E-02  0.1691E-03
  0.2105E+04 -0.1213E-02  0.1739E-03
  0.2110E+04 -0.1261E-02  0.1788E-03
  0.2115E+04 -0.1311E-02  0.1837E-03
  0.2120E+04 -0.1361E-02  0.1886E-03
  0.2125E+04 -0.1412E-02  0.1936E-03
  0.2130E+04 -0.1465E-02  0.1985E-03
  0.2135E+04 -0.1519E-02  0.2035E-03
  0.2140E+04 -0.1574E-02  0.2084E-03
  0.2145E+04 -0.1630E-02  0.2134E-03
  0.2150E+04 -0.1687E-02  0.2183E-03
  0.2155E+04 -0.1746E-02  0.2233E-03
  0.2160E+04 -0.1805E-02  0.2282E-03
  0.2165E+04 -0.1866E-02  0.2332E-03
  0.2170E+04 -0.1928E-02  0.2381E-03
  0.2175E+04 -0.1992E-02  0.2430E-03
  0.2180E+04 -0.2056E-02  0.2479E-03
  0.2185E+04 -0.2122E-02  0.2528E-03
  0.2190E+04 -0.2189E-02  0.2577E-03
  0.2195E+04 -0.2257E-02  0.2626E-03
  0.2200E+04 -0.2326E-02  0.2675E-03
                   
   Partial-wave = H39
   W (MeV)   < MB (nf)|T| MB (ni) > 
  0.1690E+04  0.0000E+00  0.0000E+00
  0.1695E+04  0.0000E+00  0.0000E+00
  0.1700E+04  0.0000E+00  0.0000E+00
  0.1705E+04  0.0000E+00  0.0000E+00
  0.1710E+04  0.0000E+00  0.0000E+00
  0.1715E+04  0.0000E+00  0.0000E+00
  0.1720E+04  0.0000E+00  0.0000E+00
  0.1725E+04  0.0000E+00  0.0000E+00
  0.1730E+04  0.0000E+00  0.0000E+00
  0.1735E+04  0.0000E+00  0.0000E+00
  0.1740E+04  0.0000E+00  0.0000E+00
  0.1745E+04  0.0000E+00  0.0000E+00
  0.1750E+04  0.0000E+00  0.0000E+00
  0.1755E+04  0.0000E+00  0.0000E+00
  0.1760E+04  0.0000E+00  0.0000E+00
  0.1765E+04  0.0000E+00  0.0000E+00
  0.1770E+04  0.0000E+00  0.0000E+00
  0.1775E+04  0.0000E+00  0.0000E+00
  0.1780E+04  0.0000E+00  0.0000E+00
  0.1785E+04  0.0000E+00  0.0000E+00
  0.1790E+04  0.0000E+00  0.0000E+00
  0.1795E+04  0.0000E+00  0.0000E+00
  0.1800E+04  0.0000E+00  0.0000E+00
  0.1805E+04  0.0000E+00  0.0000E+00
  0.1810E+04  0.0000E+00  0.0000E+00
  0.1815E+04  0.0000E+00  0.0000E+00
  0.1820E+04  0.0000E+00  0.0000E+00
  0.1825E+04  0.0000E+00  0.0000E+00
  0.1830E+04  0.0000E+00  0.0000E+00
  0.1835E+04  0.0000E+00  0.0000E+00
  0.1840E+04  0.0000E+00  0.0000E+00
  0.1845E+04  0.0000E+00  0.0000E+00
  0.1850E+04  0.0000E+00  0.0000E+00
  0.1855E+04  0.0000E+00  0.0000E+00
  0.1860E+04  0.0000E+00  0.0000E+00
  0.1865E+04  0.0000E+00  0.0000E+00
  0.1870E+04  0.0000E+00  0.0000E+00
  0.1875E+04  0.0000E+00  0.0000E+00
  0.1880E+04  0.0000E+00  0.0000E+00
  0.1885E+04  0.0000E+00  0.0000E+00
  0.1890E+04  0.0000E+00  0.0000E+00
  0.1895E+04  0.0000E+00  0.0000E+00
  0.1900E+04  0.0000E+00  0.0000E+00
  0.1905E+04  0.0000E+00  0.0000E+00
  0.1910E+04  0.0000E+00  0.0000E+00
  0.1915E+04  0.0000E+00  0.0000E+00
  0.1920E+04  0.0000E+00  0.0000E+00
  0.1925E+04  0.0000E+00  0.0000E+00
  0.1930E+04  0.0000E+00  0.0000E+00
  0.1935E+04  0.0000E+00  0.0000E+00
  0.1940E+04  0.0000E+00  0.0000E+00
  0.1945E+04  0.0000E+00  0.0000E+00
  0.1950E+04  0.0000E+00  0.0000E+00
  0.1955E+04  0.0000E+00  0.0000E+00
  0.1960E+04  0.0000E+00  0.0000E+00
  0.1965E+04  0.0000E+00  0.0000E+00
  0.1970E+04  0.0000E+00  0.0000E+00
  0.1975E+04  0.0000E+00  0.0000E+00
  0.1980E+04  0.0000E+00  0.0000E+00
  0.1985E+04  0.0000E+00  0.0000E+00
  0.1990E+04  0.0000E+00  0.0000E+00
  0.1995E+04  0.0000E+00  0.0000E+00
  0.2000E+04  0.0000E+00  0.0000E+00
  0.2005E+04  0.0000E+00  0.0000E+00
  0.2010E+04  0.0000E+00  0.0000E+00
  0.2015E+04  0.0000E+00  0.0000E+00
  0.2020E+04  0.0000E+00  0.0000E+00
  0.2025E+04  0.0000E+00  0.0000E+00
  0.2030E+04  0.0000E+00  0.0000E+00
  0.2035E+04  0.0000E+00  0.0000E+00
  0.2040E+04  0.0000E+00  0.0000E+00
  0.2045E+04  0.0000E+00  0.0000E+00
  0.2050E+04  0.0000E+00  0.0000E+00
  0.2055E+04  0.0000E+00  0.0000E+00
  0.2060E+04  0.0000E+00  0.0000E+00
  0.2065E+04  0.0000E+00  0.0000E+00
  0.2070E+04  0.0000E+00  0.0000E+00
  0.2075E+04  0.0000E+00  0.0000E+00
  0.2080E+04  0.0000E+00  0.0000E+00
  0.2085E+04  0.0000E+00  0.0000E+00
  0.2090E+04  0.0000E+00  0.0000E+00
  0.2095E+04  0.0000E+00  0.0000E+00
  0.2100E+04  0.0000E+00  0.0000E+00
  0.2105E+04  0.0000E+00  0.0000E+00
  0.2110E+04  0.0000E+00  0.0000E+00
  0.2115E+04  0.0000E+00  0.0000E+00
  0.2120E+04  0.0000E+00  0.0000E+00
  0.2125E+04  0.0000E+00  0.0000E+00
  0.2130E+04  0.0000E+00  0.0000E+00
  0.2135E+04  0.0000E+00  0.0000E+00
  0.2140E+04  0.0000E+00  0.0000E+00
  0.2145E+04  0.0000E+00  0.0000E+00
  0.2150E+04  0.0000E+00  0.0000E+00
  0.2155E+04  0.0000E+00  0.0000E+00
  0.2160E+04  0.0000E+00  0.0000E+00
  0.2165E+04  0.0000E+00  0.0000E+00
  0.2170E+04  0.0000E+00  0.0000E+00
  0.2175E+04  0.0000E+00  0.0000E+00
  0.2180E+04  0.0000E+00  0.0000E+00
  0.2185E+04  0.0000E+00  0.0000E+00
  0.2190E+04  0.0000E+00  0.0000E+00
  0.2195E+04  0.0000E+00  0.0000E+00
  0.2200E+04  0.0000E+00  0.0000E+00
